55
Rhodotorula_toruloides_CBS             0.0000000 0.1638400 0.1173508 0.1352201 0.1332218 0.1639811 0.1624631 0.1494393 0.1280594 0.2105077 0.1911528 0.1506975 0.1334389 0.1438854 0.1370982 0.1473944 0.2016061 0.1351058 0.1723669 0.1295056 0.2639999 0.6416108 0.1623902 0.0160486 0.1402805 0.1753811 0.1216163 1.7625518 0.8575657 0.1296565 0.3506784 0.1868422 0.1940455 0.1426412 0.0000010 0.1582809 0.1426412 1.3512450 0.0105610 0.1250754 0.1000352 1.0686472 0.1396643 0.1261006 0.0000010 0.1516581 0.6682840 0.1623902 0.1262537 0.6416988 0.1611630 0.1494802 0.2335269 0.1846098 0.1789443 
ASV350.3117                            0.1638400 0.0000000 0.0058403 0.0107793 0.0105775 0.1845993 0.1528307 0.3148879 0.1469559 0.1946591 0.1250073 0.1811024 0.1864573 0.1250073 0.0661900 0.1613625 0.1945234 0.1162548 0.0160742 0.1162548 0.2240887 1.2692812 0.0161266 0.1750866 0.1250073 0.1819141 0.1613625 2.3700484 0.0000010 0.1448424 0.6460268 0.1147253 0.1816701 0.0661900 0.1649264 0.1725038 0.0727119 2.1611506 0.1649264 0.1434598 0.1471724 2.4509499 0.1147253 0.1078491 0.1638400 0.0669218 1.3554190 0.0105775 0.1448424 1.1725342 0.0216151 0.0669218 0.2170294 0.1726404 0.1156267 
Rhodotorula_frigidialcoholis_EX        0.1173508 0.0058403 0.0000000 0.0138554 0.0138730 0.2324806 0.1361383 0.1643012 0.1845535 0.2469006 0.1561680 0.2257733 0.1366929 0.1290941 0.0660485 0.2020261 0.2468286 0.1452438 0.0242639 0.1168822 0.2859798 0.7369438 0.0243545 0.1917996 0.1253806 0.2286511 0.1323538 1.5731716 0.8503669 0.1442244 0.4142180 0.1430039 0.2167231 0.0832756 0.1917996 0.2165606 0.0909586 1.1611511 0.1917996 0.1794628 0.1829745 0.9760895 0.1218025 0.1348444 0.1903137 0.0843442 0.7066785 0.0179259 0.1814900 0.7138591 0.0306275 0.0907417 0.2760984 0.2167231 0.1443250 
Rhodotorula_alborubescens_JCM          0.1352201 0.0107793 0.0138554 0.0000000 0.0017883 0.1883199 0.1373932 0.1823139 0.1496630 0.2091050 0.1271417 0.2067961 0.1346451 0.1246222 0.0720364 0.1643840 0.2089752 0.1181955 0.0053425 0.1171293 0.2404726 0.6345377 0.0163319 0.1784113 0.1212768 0.1855256 0.1307017 1.4908874 0.8559541 0.1410591 0.3829701 0.1166129 0.1852713 0.0817718 0.1679646 0.1758494 0.0886976 1.1584634 0.1679646 0.1460352 0.1497634 1.0543620 0.1180480 0.1096131 0.1668332 0.0827187 0.6406270 0.0000010 0.1474697 0.6152091 0.0107793 0.0796680 0.2327795 0.1759887 0.1175456 
Rhodotorula_mucilaginosa_CBS           0.1332218 0.0105775 0.0138730 0.0017883 0.0000000 0.1828992 0.1244799 0.1827073 0.1455945 0.2027389 0.1238917 0.2008771 0.1249039 0.1129362 0.0652616 0.1598922 0.2026076 0.1152288 0.0052436 0.1089787 0.2327413 0.5704176 0.0160222 0.1735238 0.1099220 0.1802504 0.1213360 1.3335220 0.8494158 0.1277642 0.3566122 0.1137253 0.1800098 0.0799343 0.1634590 0.1709205 0.0866857 1.0589410 0.1634590 0.1421552 0.1458688 1.1016693 0.1070068 0.1069084 0.1623902 0.0808380 0.6476793 0.0000010 0.1435155 0.5533882 0.0105775 0.0721522 0.2254540 0.1710564 0.1146114 
ASV6698.71                             0.1639811 0.1845993 0.2324806 0.1883199 0.1828992 0.0000000 0.2045555 0.3639027 0.1146431 0.2648456 0.1052783 0.0812179 0.0166116 0.1052783 0.1762660 0.0285830 0.2093495 0.0985054 0.1939957 0.0985054 0.3011522 1.1609440 0.1712844 0.1575745 0.1052783 0.0053561 0.0285830 2.4134862 0.0000010 0.1056390 0.4430821 0.1066960 0.0162972 0.1762660 0.1651177 0.0349148 0.1852149 2.8337116 0.1474633 0.1120990 0.0824691 2.5918742 0.1066960 0.0906724 0.1639811 0.1398853 1.1416655 0.1828992 0.1056390 0.9978097 0.1814486 0.1398853 0.2923277 0.0107887 0.0967638 
Rhodotorula_ngohengohe_ICMP            0.1624631 0.1528307 0.1361383 0.1373932 0.1244799 0.2045555 0.0000000 0.0789631 0.1414454 0.2247199 0.1313500 0.1753136 0.0770041 0.0520015 0.1182761 0.1560399 0.2011492 0.1442891 0.1617896 0.1129311 0.2383976 0.6206342 0.1626035 0.2372407 0.0497543 0.2014985 0.0645641 1.3062288 0.9351365 0.0629505 0.3390269 0.1321722 0.2012174 0.1588753 0.2240568 0.1671940 0.1678276 1.1619650 0.2240568 0.1380242 0.1754959 1.0464986 0.0540588 0.1453001 0.2223040 0.1795740 0.7084001 0.1513717 0.1308057 0.6191103 0.1501440 0.1287117 0.2494534 0.1914778 0.1420367 
Rhodotorula_evergladensis_CBS          0.1494393 0.3148879 0.1643012 0.1823139 0.1827073 0.3639027 0.0789631 0.0000000 0.2141593 0.2896765 0.2496520 0.2797483 0.0949910 0.0760519 0.1527320 0.3202607 0.4121865 0.2773779 0.2935318 0.1418811 0.3905170 0.8106417 0.2766163 0.2820241 0.0731791 0.3385563 0.0885913 1.6437477 0.9589000 0.0809746 0.3961322 0.2661323 0.3202607 0.2493441 0.2673523 0.3432914 0.2352134 1.2947648 0.2820241 0.2075727 0.3167983 0.8440092 0.0811501 0.2608393 0.2647239 0.3161342 0.7663216 0.3120268 0.2229075 0.7740591 0.3095535 0.1734272 0.3257176 0.3202607 0.2496520 
ASV1035.1230                           0.1280594 0.1469559 0.1845535 0.1496630 0.1455945 0.1146431 0.1414454 0.2141593 0.0000000 0.2196444 0.0616790 0.0858583 0.1079339 0.0616790 0.1321916 0.0737859 0.1930249 0.0917643 0.1555405 0.0917643 0.2563044 1.1455069 0.1435155 0.1217301 0.0616790 0.1055346 0.0737859 2.0202268 0.0000010 0.0163585 0.4535854 0.0620314 0.1054004 0.1321916 0.1289007 0.0814740 0.1402314 3.3292307 0.1126370 0.0107432 0.0828930 2.6305567 0.0620314 0.0840245 0.1280594 0.1384892 1.2223674 0.1455945 0.0163585 1.0663603 0.1444517 0.1384892 0.2438831 0.0980866 0.0693166 
ASV9521.35                             0.2105077 0.1946591 0.2469006 0.2091050 0.2027389 0.2648456 0.2247199 0.2896765 0.2196444 0.0000000 0.2614718 0.2189025 0.2676823 0.2614718 0.1999319 0.2325573 0.1038896 0.2069948 0.2147868 0.2069948 0.0591079 1.1094223 0.2027389 0.2462413 0.2614718 0.2609540 0.2325573 2.7526511 0.0000010 0.2268835 0.6015149 0.2629646 0.2605632 0.1999319 0.2120869 0.2472183 0.1999319 3.0320771 0.2331632 0.2140815 0.1968276 2.6395858 0.2629646 0.1958394 0.2105077 0.2134246 1.2194369 0.2027389 0.2268835 1.0657631 0.2010994 0.2134246 0.0106601 0.2490302 0.2462069 
ASV380.2661                            0.1911528 0.1250073 0.1561680 0.1271417 0.1238917 0.1052783 0.1313500 0.2496520 0.0616790 0.2614718 0.0000000 0.0865883 0.0987265 0.0000010 0.1120706 0.0661310 0.2099202 0.0852276 0.1151023 0.0852276 0.2771573 0.9808621 0.1221986 0.1844412 0.0000010 0.0965829 0.0661310 2.0214814 0.0000010 0.0543985 0.4868208 0.0108052 0.0964616 0.1120706 0.1925674 0.0734963 0.1195363 2.8837333 0.1732211 0.0604256 0.0907326 2.5644640 0.0108052 0.0775703 0.1911528 0.1033700 0.9515952 0.1238917 0.0543985 0.8351662 0.1229663 0.1033700 0.2888299 0.0893826 0.0053316 
ASV92.12470                            0.1506975 0.1811024 0.2257733 0.2067961 0.2008771 0.0812179 0.1753136 0.2797483 0.0858583 0.2189025 0.0865883 0.0000000 0.0888462 0.0865883 0.1178192 0.0458240 0.1924280 0.0813361 0.2121812 0.0813361 0.2325328 1.2275385 0.1980613 0.1616966 0.0865883 0.0734268 0.0458240 2.1184948 0.0000010 0.0781864 0.4339309 0.0876840 0.0868783 0.1178192 0.1517007 0.0524718 0.1103334 3.0564732 0.1517007 0.0841197 0.0855610 2.5144685 0.0876840 0.0740817 0.1506975 0.0808798 1.2133059 0.2008771 0.0781864 1.0629844 0.1993461 0.0808798 0.2429913 0.0801087 0.0947364 
Rhodotorula_araucariae_CBS             0.1334389 0.1864573 0.1366929 0.1346451 0.1249039 0.0166116 0.0770041 0.0949910 0.1079339 0.2676823 0.0987265 0.0888462 0.0000000 0.0388590 0.1249548 0.0348212 0.2010231 0.1067920 0.1959578 0.0759198 0.3043484 0.5989683 0.1729745 0.1925262 0.0389339 0.0108670 0.0122140 1.4371255 0.9275138 0.0450778 0.3152634 0.1000573 0.0220429 0.1779844 0.2007391 0.0413632 0.1870321 1.1667444 0.1811261 0.1055346 0.0902385 1.0139244 0.0431017 0.0987218 0.1992550 0.1412025 0.6258091 0.1847307 0.0990601 0.5649738 0.1832566 0.1192833 0.2823417 0.0164167 0.0903344 
Rhodotorula_graminis_CBS               0.1438854 0.1250073 0.1290941 0.1246222 0.1129362 0.1052783 0.0520015 0.0760519 0.0616790 0.2614718 0.0000010 0.0865883 0.0388590 0.0000000 0.1190665 0.0661310 0.2099202 0.0852276 0.1151023 0.0787210 0.2771573 0.5384903 0.1221986 0.1844412 0.0000010 0.0965829 0.0286622 1.2794973 0.9083257 0.0270206 0.3093428 0.0108052 0.0964616 0.1120706 0.1925674 0.0734963 0.1195363 1.2524489 0.1732211 0.0604256 0.0907326 1.0583237 0.0068616 0.0775703 0.1911528 0.1033700 0.5943150 0.1238917 0.0543985 0.5073463 0.1229663 0.1126554 0.2888299 0.0893826 0.0053316 
Rhodotorula_taiwanensis_CBS            0.1370982 0.0661900 0.0660485 0.0720364 0.0652616 0.1762660 0.1182761 0.1527320 0.1321916 0.1999319 0.1120706 0.1178192 0.1249548 0.1190665 0.0000000 0.1625640 0.2208253 0.1411372 0.0873731 0.1275772 0.2304748 0.6523892 0.0594081 0.1533823 0.1160220 0.1737728 0.1239543 1.4036393 1.0272567 0.1340145 0.3846127 0.1099386 0.1735468 0.0000010 0.1435837 0.1734141 0.0053151 1.0997429 0.1435837 0.1291803 0.1463903 0.9875524 0.1155695 0.1321104 0.1426412 0.0458660 0.6941730 0.0799343 0.1303700 0.6165014 0.0794149 0.0447562 0.2230800 0.1649304 0.1034041 
ASV1915.411                            0.1473944 0.1613625 0.2020261 0.1643840 0.1598922 0.0285830 0.1560399 0.3202607 0.0737859 0.2325573 0.0661310 0.0458240 0.0348212 0.0661310 0.1625640 0.0000000 0.1849065 0.0685986 0.1700946 0.0685986 0.2468651 1.1093500 0.1576304 0.1409738 0.0661310 0.0224234 0.0000010 2.0005739 0.0000010 0.0663126 0.4072395 0.0669389 0.0341232 0.1625640 0.1484005 0.0053522 0.1710522 2.8246808 0.1312488 0.0722884 0.0542533 2.6009545 0.0669389 0.0615336 0.1473944 0.1204430 1.0872188 0.1598922 0.0663126 0.9531671 0.1586488 0.1204430 0.2577351 0.0282332 0.0736390 
ASV7018.64                             0.2016061 0.1945234 0.2468286 0.2089752 0.2026076 0.2093495 0.2011492 0.4121865 0.1930249 0.1038896 0.2099202 0.1924280 0.2010231 0.2099202 0.2208253 0.1849065 0.0000000 0.1616778 0.2146653 0.1616778 0.1059337 1.1996567 0.2026076 0.2149045 0.2099202 0.2061797 0.1849065 2.4669883 0.0000010 0.1804732 0.5786333 0.2112322 0.2058870 0.2208253 0.2030746 0.1975777 0.2208253 2.9147376 0.2030746 0.1881905 0.1527469 2.8260692 0.2112322 0.1519859 0.2016061 0.1869122 1.3223094 0.2026076 0.1804732 1.1522717 0.2009676 0.1869122 0.0888372 0.1958946 0.1967389 
ASV8738.184                            0.1351058 0.1162548 0.1452438 0.1181955 0.1152288 0.0985054 0.1442891 0.2773779 0.0917643 0.2069948 0.0852276 0.0813361 0.1067920 0.0852276 0.1411372 0.0685986 0.1616778 0.0000000 0.1240106 0.0000010 0.2369774 1.0727579 0.1152288 0.1456203 0.0852276 0.0899706 0.0685986 2.0395017 0.0000010 0.0834517 0.4256387 0.0863725 0.0898568 0.1411372 0.1359935 0.0762929 0.1493620 2.6247264 0.1359935 0.0757358 0.0462891 2.6838748 0.0863725 0.0000010 0.1351058 0.1232297 1.1338426 0.1152288 0.0834517 0.9905846 0.1143824 0.1232297 0.2296438 0.0828372 0.0771189 
ASV5215.94                             0.1723669 0.0160742 0.0242639 0.0053425 0.0052436 0.1939957 0.1617896 0.2935318 0.1555405 0.2147868 0.1151023 0.2121812 0.1959578 0.1151023 0.0873731 0.1700946 0.2146653 0.1240106 0.0000000 0.1240106 0.2459712 1.1310218 0.0216453 0.1839466 0.1151023 0.1911724 0.1700946 2.2654608 0.0000010 0.1532981 0.6183414 0.1053333 0.1909146 0.0873731 0.1735238 0.1815487 0.0942755 2.0650622 0.1735238 0.1518269 0.1553844 2.4509499 0.1053333 0.1154336 0.1723669 0.0883763 1.2002880 0.0052436 0.1532981 1.0435043 0.0160742 0.0883763 0.2382855 0.1816856 0.1061415 
Rhodotorula_paludigena_CBS             0.1295056 0.1162548 0.1168822 0.1171293 0.1089787 0.0985054 0.1129311 0.1418811 0.0917643 0.2069948 0.0852276 0.0813361 0.0759198 0.0787210 0.1275772 0.0685986 0.1616778 0.0000010 0.1240106 0.0000000 0.2369774 0.5196399 0.1152288 0.1456203 0.0788826 0.0899706 0.0622162 1.3532053 0.7876429 0.0855071 0.2847884 0.0863725 0.0898568 0.1411372 0.1359935 0.0762929 0.1493620 1.1286308 0.1359935 0.0757358 0.0462891 1.1218010 0.0745703 0.0000010 0.1351058 0.1232297 0.5543795 0.1152288 0.0834517 0.5034270 0.1143824 0.1366080 0.2296438 0.0828372 0.0771189 
ASV2674.233                            0.2639999 0.2240887 0.2859798 0.2404726 0.2327413 0.3011522 0.2383976 0.3905170 0.2563044 0.0591079 0.2771573 0.2325328 0.3043484 0.2771573 0.2304748 0.2468651 0.1059337 0.2369774 0.2459712 0.2369774 0.0000000 1.1632327 0.2327413 0.3066304 0.2771573 0.2969177 0.2468651 2.5597181 0.0000010 0.2408007 0.6668709 0.2786875 0.2964532 0.2304748 0.2661499 0.2622199 0.2304748 4.0131619 0.2910700 0.2498196 0.2258419 2.3726225 0.2786875 0.2247443 0.2639999 0.2227287 1.2827280 0.2327413 0.2408007 1.1168154 0.2308922 0.2227287 0.0725667 0.2837585 0.2812530 
NR_073292.1__Rhodotorula__nothofagi    0.6416108 1.2692812 0.7369438 0.6345377 0.5704176 1.1609440 0.6206342 0.8106417 1.1455069 1.1094223 0.9808621 1.2275385 0.5989683 0.5384903 0.6523892 1.1093500 1.1996567 1.0727579 1.1310218 0.5196399 1.1632327 0.0000000 1.2146086 1.1781834 0.5384903 1.1636704 0.5966586 1.5497243 0.0429690 0.5910461 0.5808794 1.0647258 1.1605418 1.2678286 1.0931455 1.1519633 1.2678286 1.6824837 1.1345642 1.1770878 1.1881830 1.1525582 0.5397544 1.0426887 1.0931455 1.1091057 0.0170594 1.1760862 1.1422563 0.0122535 1.1303283 0.6606447 1.1094223 1.1215792 0.9846803 
ASV518.1939                            0.1623902 0.0161266 0.0243545 0.0163319 0.0160222 0.1712844 0.1626035 0.2766163 0.1435155 0.2027389 0.1221986 0.1980613 0.1729745 0.1221986 0.0594081 0.1576304 0.2026076 0.1152288 0.0216453 0.1152288 0.2327413 1.2146086 0.0000000 0.1735238 0.1221986 0.1688297 0.1576304 2.4401523 0.0000010 0.1414897 0.6452817 0.1122102 0.1686073 0.0594081 0.1634590 0.1684728 0.0658090 2.0422326 0.1634590 0.1401647 0.1438761 2.3727918 0.1122102 0.1069084 0.1623902 0.0731832 1.2926379 0.0160222 0.1414897 1.1226286 0.0272864 0.0731832 0.2254540 0.1599594 0.1130732 
ASV7199.33                             0.0160486 0.1750866 0.1917996 0.1784113 0.1735238 0.1575745 0.2372407 0.2820241 0.1217301 0.2462413 0.1844412 0.1616966 0.1925262 0.1844412 0.1533823 0.1409738 0.2149045 0.1456203 0.1839466 0.1456203 0.3066304 1.1781834 0.1735238 0.0000000 0.1844412 0.1688787 0.1409738 2.6710000 0.0000010 0.1199981 0.5090761 0.1802567 0.1874527 0.1533823 0.0160486 0.1517813 0.1533823 3.0981906 0.0052683 0.1188686 0.1091271 3.2536202 0.1802567 0.1362507 0.0160486 0.1627668 1.2598646 0.1735238 0.1199981 1.0974020 0.1721950 0.1627668 0.2719273 0.1780695 0.1723415 
Rhodotorula_glutinis_CBS               0.1402805 0.1250073 0.1253806 0.1212768 0.1099220 0.1052783 0.0497543 0.0731791 0.0616790 0.2614718 0.0000010 0.0865883 0.0389339 0.0000010 0.1160220 0.0661310 0.2099202 0.0852276 0.1151023 0.0788826 0.2771573 0.5384903 0.1221986 0.1844412 0.0000000 0.0965829 0.0287160 1.2666750 0.9083257 0.0270717 0.3093428 0.0108052 0.0964616 0.1120706 0.1925674 0.0734963 0.1195363 1.2403377 0.1732211 0.0604256 0.0907326 1.0583237 0.0068616 0.0775703 0.1911528 0.1033700 0.5943150 0.1238917 0.0543985 0.5073463 0.1229663 0.1097084 0.2888299 0.0893826 0.0053316 
ASV504.1975                            0.1753811 0.1819141 0.2286511 0.1855256 0.1802504 0.0053561 0.2014985 0.3385563 0.1055346 0.2609540 0.0965829 0.0734268 0.0108670 0.0965829 0.1737728 0.0224234 0.2061797 0.0899706 0.1911724 0.0899706 0.2969177 1.1636704 0.1688297 0.1688787 0.0965829 0.0000000 0.0224234 2.3141450 0.0000010 0.0969006 0.4653735 0.0978563 0.0106660 0.1737728 0.1766268 0.0285217 0.1825886 2.6756525 0.1583505 0.1032384 0.0745319 2.4983225 0.0978563 0.0824142 0.1753811 0.1379571 1.1445427 0.1802504 0.0969006 1.0004105 0.1788321 0.1379571 0.2881630 0.0052959 0.0884112 
Rhodotorula_kratochvilovae_CBS         0.1216163 0.1613625 0.1323538 0.1307017 0.1213360 0.0285830 0.0645641 0.0885913 0.0737859 0.2325573 0.0661310 0.0458240 0.0122140 0.0286622 0.1239543 0.0000010 0.1849065 0.0685986 0.1700946 0.0622162 0.2468651 0.5966586 0.1576304 0.1409738 0.0287160 0.0224234 0.0000000 1.3291882 0.9550966 0.0345287 0.2845435 0.0669389 0.0341232 0.1625640 0.1484005 0.0053522 0.1710522 1.1936324 0.1312488 0.0722884 0.0542533 1.0467094 0.0326430 0.0615336 0.1473944 0.1204430 0.6234567 0.1598922 0.0663126 0.5625347 0.1586488 0.1158639 0.2577351 0.0282332 0.0736390 
Xylaria_necrophora_CBS                 1.7625518 2.3700484 1.5731716 1.4908874 1.3335220 2.4134862 1.3062288 1.6437477 2.0202268 2.7526511 2.0214814 2.1184948 1.4371255 1.2794973 1.4036393 2.0005739 2.4669883 2.0395017 2.2654608 1.3532053 2.5597181 1.5497243 2.4401523 2.6710000 1.2666750 2.3141450 1.3291882 0.0000000 3.7905024 1.3540400 1.5466668 2.1986232 2.2537947 2.6561096 2.5557598 1.9751938 2.5939242 2.2656000 2.5557598 2.1679378 2.2598478 2.2092987 1.3007959 1.9863363 2.6122036 2.2916037 1.8564297 2.2786381 2.0355505 1.5633806 2.1273887 1.4366414 2.7117255 2.2537947 2.0500397 
Curvibasidium_nothafagi__JDC25_A       0.8575657 0.0000010 0.8503669 0.8559541 0.8494158 0.0000010 0.9351365 0.9589000 0.0000010 0.0000010 0.0000010 0.0000010 0.9275138 0.9083257 1.0272567 0.0000010 0.0000010 0.0000010 0.0000010 0.7876429 0.0000010 0.0429690 0.0000010 0.0000010 0.9083257 0.0000010 0.9550966 3.7905024 0.0000000 0.9567417 0.7785650 0.0000010 0.0000010 0.0000010 0.0000010 0.0000010 0.0000010 2.7129340 0.0000010 0.0000010 0.0000010 1.9028339 0.8576369 0.0000010 0.0000010 0.0000010 0.0571678 0.0000010 0.0000010 0.0571678 0.0000010 1.2291687 0.0000010 0.0000010 0.0000010 
Rhodotorula_diobovata_CBS              0.1296565 0.1448424 0.1442244 0.1410591 0.1277642 0.1056390 0.0629505 0.0809746 0.0163585 0.2268835 0.0543985 0.0781864 0.0450778 0.0270206 0.1340145 0.0663126 0.1804732 0.0834517 0.1532981 0.0855071 0.2408007 0.5910461 0.1414897 0.1199981 0.0270717 0.0969006 0.0345287 1.3540400 0.9567417 0.0000000 0.3009121 0.0547037 0.0967784 0.1303700 0.1270716 0.0737091 0.1382908 1.2679844 0.1110570 0.0160721 0.0749667 1.0754648 0.0309482 0.0759777 0.1262537 0.1209354 0.6744344 0.1435155 0.0000010 0.5751244 0.1424027 0.1271496 0.2514291 0.0896684 0.0617326 
Sporobolomyces_roseus_CBS              0.3506784 0.6460268 0.4142180 0.3829701 0.3566122 0.4430821 0.3390269 0.3961322 0.4535854 0.6015149 0.4868208 0.4339309 0.3152634 0.3093428 0.3846127 0.4072395 0.5786333 0.4256387 0.6183414 0.2847884 0.6668709 0.5808794 0.6452817 0.5090761 0.3093428 0.4653735 0.2845435 1.5466668 0.7785650 0.3009121 0.0000000 0.4877769 0.5048735 0.5232303 0.5072890 0.4281813 0.5456470 1.5785114 0.4872283 0.4459072 0.4099664 1.0939796 0.3004573 0.4081402 0.5025295 0.4834739 0.6446013 0.6452817 0.4478042 0.5832858 0.6455664 0.3812207 0.6584262 0.4846195 0.4636094 
ASV395.2557                            0.1868422 0.1147253 0.1430039 0.1166129 0.1137253 0.1066960 0.1321722 0.2661323 0.0620314 0.2629646 0.0108052 0.0876840 0.1000573 0.0108052 0.1099386 0.0669389 0.2112322 0.0863725 0.1053333 0.0863725 0.2786875 1.0647258 0.1122102 0.1802567 0.0108052 0.0978563 0.0669389 2.1986232 0.0000010 0.0547037 0.4877769 0.0000000 0.0977320 0.1099386 0.1881962 0.0744144 0.1172425 2.9310350 0.1693367 0.0607637 0.0919381 2.5326281 0.0000010 0.0785955 0.1868422 0.0943535 1.0394298 0.1137253 0.0547037 0.9098404 0.1129010 0.0943535 0.2903695 0.0905509 0.0165175 
ASV30449.2                             0.1940455 0.1816701 0.2167231 0.1852713 0.1800098 0.0162972 0.2012174 0.3202607 0.1054004 0.2605632 0.0964616 0.0868783 0.0220429 0.0964616 0.1735468 0.0341232 0.2058870 0.0898568 0.1909146 0.0898568 0.2964532 1.1605418 0.1686073 0.1874527 0.0964616 0.0106660 0.0341232 2.2537947 0.0000010 0.0967784 0.5048735 0.0977320 0.0000000 0.1735468 0.1954603 0.0405164 0.1823499 2.7471242 0.1763854 0.1031096 0.0882088 2.6009545 0.0977320 0.0823103 0.1940455 0.1541323 1.1412282 0.1800098 0.0967784 0.9977428 0.1785945 0.1541323 0.2877171 0.0052897 0.0883011 
ASV3658.210                            0.1426412 0.0661900 0.0832756 0.0817718 0.0799343 0.1762660 0.1588753 0.2493441 0.1321916 0.1999319 0.1120706 0.1178192 0.1779844 0.1120706 0.0000010 0.1625640 0.2208253 0.1411372 0.0873731 0.1411372 0.2304748 1.2678286 0.0594081 0.1533823 0.1120706 0.1737728 0.1625640 2.6561096 0.0000010 0.1303700 0.5232303 0.1099386 0.1735468 0.0000000 0.1435837 0.1734141 0.0053151 2.3846735 0.1435837 0.1291803 0.1463903 2.3727918 0.1099386 0.1321104 0.1426412 0.0458660 1.2557090 0.0799343 0.1303700 1.0901101 0.0794149 0.0458660 0.2230800 0.1649304 0.1034041 
ASV6603.117                            0.0000010 0.1649264 0.1917996 0.1679646 0.1634590 0.1651177 0.2240568 0.2673523 0.1289007 0.2120869 0.1925674 0.1517007 0.2007391 0.1925674 0.1435837 0.1484005 0.2030746 0.1359935 0.1735238 0.1359935 0.2661499 1.0931455 0.1634590 0.0160486 0.1925674 0.1766268 0.1484005 2.5557598 0.0000010 0.1270716 0.5072890 0.1881962 0.1954603 0.1435837 0.0000000 0.1593874 0.1435837 3.0582350 0.0105610 0.1258781 0.1006478 3.0182577 0.1881962 0.1269156 0.0000010 0.1526754 1.2532807 0.1634590 0.1270716 1.0936178 0.1622166 0.1526754 0.2353355 0.1859372 0.1802379 
ASV27211.0                             0.1582809 0.1725038 0.2165606 0.1758494 0.1709205 0.0349148 0.1671940 0.3432914 0.0814740 0.2472183 0.0734963 0.0524718 0.0413632 0.0734963 0.1734141 0.0053522 0.1975777 0.0762929 0.1815487 0.0762929 0.2622199 1.1519633 0.1684728 0.1517813 0.0734963 0.0285217 0.0053522 1.9751938 0.0000010 0.0737091 0.4281813 0.0744144 0.0405164 0.1734141 0.1593874 0.0000000 0.1822166 2.7513744 0.1416614 0.0797863 0.0614253 2.8150205 0.0744144 0.0689867 0.1582809 0.1297761 1.1324206 0.1709205 0.0737091 0.9918637 0.1695757 0.1297761 0.2734924 0.0344779 0.0813024 
ASV1115.759                            0.1426412 0.0727119 0.0909586 0.0886976 0.0866857 0.1852149 0.1678276 0.2352134 0.1402314 0.1999319 0.1195363 0.1103334 0.1870321 0.1195363 0.0053151 0.1710522 0.2208253 0.1493620 0.0942755 0.1493620 0.2304748 1.2678286 0.0658090 0.1533823 0.1195363 0.1825886 0.1710522 2.5939242 0.0000010 0.1382908 0.5456470 0.1172425 0.1823499 0.0053151 0.1435837 0.1822166 0.0000000 2.3050388 0.1435837 0.1370219 0.1545775 2.3727918 0.1172425 0.1401381 0.1426412 0.0398096 1.2557090 0.0866857 0.1382908 1.0901101 0.0861143 0.0398096 0.2230800 0.1735468 0.1106594 
Rhodotorula_kratochvilovae__VB21_      1.3512450 2.1611506 1.1611511 1.1584634 1.0589410 2.8337116 1.1619650 1.2947648 3.3292307 3.0320771 2.8837333 3.0564732 1.1667444 1.2524489 1.0997429 2.8246808 2.9147376 2.6247264 2.0650622 1.1286308 4.0131619 1.6824837 2.0422326 3.0981906 1.2403377 2.6756525 1.1936324 2.2656000 2.7129340 1.2679844 1.5785114 2.9310350 2.7471242 2.3846735 3.0582350 2.7513744 2.3050388 0.0000000 3.1369334 3.3891556 3.1897031 1.0163048 1.2105136 2.6804657 2.9849891 2.4792194 1.7445353 2.0765615 3.3742634 1.6300410 2.1730428 1.1492171 3.0320771 2.6756525 2.7441476 
ASV4317.178                            0.0105610 0.1649264 0.1917996 0.1679646 0.1634590 0.1474633 0.2240568 0.2820241 0.1126370 0.2331632 0.1732211 0.1517007 0.1811261 0.1732211 0.1435837 0.1312488 0.2030746 0.1359935 0.1735238 0.1359935 0.2910700 1.1345642 0.1634590 0.0052683 0.1732211 0.1583505 0.1312488 2.5557598 0.0000010 0.1110570 0.4872283 0.1693367 0.1763854 0.1435837 0.0105610 0.1416614 0.1435837 3.1369334 0.0000000 0.1100263 0.1006478 3.0182577 0.1693367 0.1269156 0.0105610 0.1526754 1.2097918 0.1634590 0.1110570 1.0556839 0.1622166 0.1526754 0.2578675 0.1672805 0.1615654 
ASV28897.3                             0.1250754 0.1434598 0.1794628 0.1460352 0.1421552 0.1120990 0.1380242 0.2075727 0.0107432 0.2140815 0.0604256 0.0841197 0.1055346 0.0604256 0.1291803 0.0722884 0.1881905 0.0757358 0.1518269 0.0757358 0.2498196 1.1770878 0.1401647 0.1188686 0.0604256 0.1032384 0.0722884 2.1679378 0.0000010 0.0160721 0.4459072 0.0607637 0.1031096 0.1291803 0.1258781 0.0797863 0.1370219 3.3891556 0.1100263 0.0000000 0.0811463 2.6305567 0.0607637 0.0684865 0.1250754 0.1353543 1.2566729 0.1421552 0.0160721 1.0980032 0.1410621 0.1353543 0.2377254 0.0959685 0.0678747 
ASV114.10706                           0.1000352 0.1471724 0.1829745 0.1497634 0.1458688 0.0824691 0.1754959 0.3167983 0.0828930 0.1968276 0.0907326 0.0855610 0.0902385 0.0907326 0.1463903 0.0542533 0.1527469 0.0462891 0.1553844 0.0462891 0.2258419 1.1881830 0.1438761 0.1091271 0.0907326 0.0745319 0.0542533 2.2598478 0.0000010 0.0749667 0.4099664 0.0919381 0.0882088 0.1463903 0.1006478 0.0614253 0.1545775 3.1897031 0.1006478 0.0811463 0.0000000 2.5144685 0.0919381 0.0400010 0.1000352 0.1286779 1.2578984 0.1458688 0.0749667 1.1027981 0.1447741 0.1286779 0.2188500 0.0813253 0.0826094 
Rhodotorula_Sphearocarpa__KHK86_       1.0686472 2.4509499 0.9760895 1.0543620 1.1016693 2.5918742 1.0464986 0.8440092 2.6305567 2.6395858 2.5644640 2.5144685 1.0139244 1.0583237 0.9875524 2.6009545 2.8260692 2.6838748 2.4509499 1.1218010 2.3726225 1.1525582 2.3727918 3.2536202 1.0583237 2.4983225 1.0467094 2.2092987 1.9028339 1.0754648 1.0939796 2.5326281 2.6009545 2.3727918 3.0182577 2.8150205 2.3727918 1.0163048 3.0182577 2.6305567 2.5144685 0.0000000 1.0906787 2.5597425 2.9247057 2.4585773 1.0818565 2.4509499 2.8043201 1.1738004 2.4509499 1.0041776 2.6395858 2.4983225 2.5644640 
Rhodotorula_babjevae_CBS               0.1396643 0.1147253 0.1218025 0.1180480 0.1070068 0.1066960 0.0540588 0.0811501 0.0620314 0.2629646 0.0108052 0.0876840 0.0431017 0.0068616 0.1155695 0.0669389 0.2112322 0.0863725 0.1053333 0.0745703 0.2786875 0.5397544 0.1122102 0.1802567 0.0068616 0.0978563 0.0326430 1.3007959 0.8576369 0.0309482 0.3004573 0.0000010 0.0977320 0.1099386 0.1881962 0.0744144 0.1172425 1.2105136 0.1693367 0.0607637 0.0919381 1.0906787 0.0000000 0.0785955 0.1868422 0.0943535 0.5955439 0.1137253 0.0547037 0.5086674 0.1129010 0.1068577 0.2903695 0.0905509 0.0165175 
ASV622.1422                            0.1261006 0.1078491 0.1348444 0.1096131 0.1069084 0.0906724 0.1453001 0.2608393 0.0840245 0.1958394 0.0775703 0.0740817 0.0987218 0.0775703 0.1321104 0.0615336 0.1519859 0.0000010 0.1154336 0.0000010 0.2247443 1.0426887 0.1069084 0.1362507 0.0775703 0.0824142 0.0615336 1.9863363 0.0000010 0.0759777 0.4081402 0.0785955 0.0823103 0.1321104 0.1269156 0.0689867 0.1401381 2.6804657 0.1269156 0.0684865 0.0400010 2.5597425 0.0785955 0.0000000 0.1261006 0.1147227 1.1006702 0.1069084 0.0759777 0.9621894 0.1061365 0.1147227 0.2177850 0.0754347 0.0697216 
ASV3627.104                            0.0000010 0.1638400 0.1903137 0.1668332 0.1623902 0.1639811 0.2223040 0.2647239 0.1280594 0.2105077 0.1911528 0.1506975 0.1992550 0.1911528 0.1426412 0.1473944 0.2016061 0.1351058 0.1723669 0.1351058 0.2639999 1.0931455 0.1623902 0.0160486 0.1911528 0.1753811 0.1473944 2.6122036 0.0000010 0.1262537 0.5025295 0.1868422 0.1940455 0.1426412 0.0000010 0.1582809 0.1426412 2.9849891 0.0105610 0.1250754 0.1000352 2.9247057 0.1868422 0.1261006 0.0000000 0.1516581 1.2532807 0.1623902 0.1262537 1.0936178 0.1611630 0.1516581 0.2335269 0.1846098 0.1789443 
ASV972.965                             0.1516581 0.0669218 0.0843442 0.0827187 0.0808380 0.1398853 0.1795740 0.3161342 0.1384892 0.2134246 0.1033700 0.0808798 0.1412025 0.1033700 0.0458660 0.1204430 0.1869122 0.1232297 0.0883763 0.1232297 0.2227287 1.1091057 0.0731832 0.1627668 0.1033700 0.1379571 0.1204430 2.2916037 0.0000010 0.1209354 0.4834739 0.0943535 0.1541323 0.0458660 0.1526754 0.1297761 0.0398096 2.4792194 0.1526754 0.1353543 0.1286779 2.4585773 0.0943535 0.1147227 0.1516581 0.0000000 1.0853338 0.0808380 0.1209354 0.9450191 0.0803063 0.0000010 0.2375565 0.1459739 0.0950441 
NR_154743.1__Rhodotorula__futronensis  0.6682840 1.3554190 0.7066785 0.6406270 0.6476793 1.1416655 0.7084001 0.7663216 1.2223674 1.2194369 0.9515952 1.2133059 0.6258091 0.5943150 0.6941730 1.0872188 1.3223094 1.1338426 1.2002880 0.5543795 1.2827280 0.0170594 1.2926379 1.2598646 0.5943150 1.1445427 0.6234567 1.8564297 0.0571678 0.6744344 0.6446013 1.0394298 1.1412282 1.2557090 1.2532807 1.1324206 1.2557090 1.7445353 1.2097918 1.2566729 1.2578984 1.0818565 0.5955439 1.1006702 1.2532807 1.0853338 0.0000000 1.2510705 1.2186116 0.0036950 1.1994491 0.7347685 1.2194369 1.0996256 0.9554344 
ASV22.55943                            0.1623902 0.0105775 0.0179259 0.0000010 0.0000010 0.1828992 0.1513717 0.3120268 0.1455945 0.2027389 0.1238917 0.2008771 0.1847307 0.1238917 0.0799343 0.1598922 0.2026076 0.1152288 0.0052436 0.1152288 0.2327413 1.1760862 0.0160222 0.1735238 0.1238917 0.1802504 0.1598922 2.2786381 0.0000010 0.1435155 0.6452817 0.1137253 0.1800098 0.0799343 0.1634590 0.1709205 0.0866857 2.0765615 0.1634590 0.1421552 0.1458688 2.4509499 0.1137253 0.1069084 0.1623902 0.0808380 1.2510705 0.0000000 0.1435155 1.0851936 0.0105775 0.0808380 0.2254540 0.1710564 0.1146114 
ASV1282.691                            0.1262537 0.1448424 0.1814900 0.1474697 0.1435155 0.1056390 0.1308057 0.2229075 0.0163585 0.2268835 0.0543985 0.0781864 0.0990601 0.0543985 0.1303700 0.0663126 0.1804732 0.0834517 0.1532981 0.0834517 0.2408007 1.1422563 0.1414897 0.1199981 0.0543985 0.0969006 0.0663126 2.0355505 0.0000010 0.0000010 0.4478042 0.0547037 0.0967784 0.1303700 0.1270716 0.0737091 0.1382908 3.3742634 0.1110570 0.0160721 0.0749667 2.8043201 0.0547037 0.0759777 0.1262537 0.1209354 1.2186116 0.1435155 0.0000000 1.0631274 0.1424027 0.1209354 0.2514291 0.0896684 0.0617326 
NR_111077.1_Curvibasidium_cygneicollum 0.6416988 1.1725342 0.7138591 0.6152091 0.5533882 0.9978097 0.6191103 0.7740591 1.0663603 1.0657631 0.8351662 1.0629844 0.5649738 0.5073463 0.6165014 0.9531671 1.1522717 0.9905846 1.0435043 0.5034270 1.1168154 0.0122535 1.1226286 1.0974020 0.5073463 1.0004105 0.5625347 1.5633806 0.0571678 0.5751244 0.5832858 0.9098404 0.9977428 1.0901101 1.0936178 0.9918637 1.0901101 1.6300410 1.0556839 1.0980032 1.1027981 1.1738004 0.5086674 0.9621894 1.0936178 0.9450191 0.0036950 1.0851936 1.0631274 0.0000000 1.0429019 0.6241255 1.0657631 0.9614971 0.8382211 
ASV9892.52                             0.1611630 0.0216151 0.0306275 0.0107793 0.0105775 0.1814486 0.1501440 0.3095535 0.1444517 0.2010994 0.1229663 0.1993461 0.1832566 0.1229663 0.0794149 0.1586488 0.2009676 0.1143824 0.0160742 0.1143824 0.2308922 1.1303283 0.0272864 0.1721950 0.1229663 0.1788321 0.1586488 2.1273887 0.0000010 0.1424027 0.6455664 0.1129010 0.1785945 0.0794149 0.1622166 0.1695757 0.0861143 2.1730428 0.1622166 0.1410621 0.1447741 2.4509499 0.1129010 0.1061365 0.1611630 0.0803063 1.1994491 0.0105775 0.1424027 1.0429019 0.0000000 0.0803063 0.2236674 0.1697109 0.1137741 
Rhodotorula_sphaerocarpa_CBS           0.1494802 0.0669218 0.0907417 0.0796680 0.0721522 0.1398853 0.1287117 0.1734272 0.1384892 0.2134246 0.1033700 0.0808798 0.1192833 0.1126554 0.0447562 0.1204430 0.1869122 0.1232297 0.0883763 0.1366080 0.2227287 0.6606447 0.0731832 0.1627668 0.1097084 0.1379571 0.1158639 1.4366414 1.2291687 0.1271496 0.3812207 0.0943535 0.1541323 0.0458660 0.1526754 0.1297761 0.0398096 1.1492171 0.1526754 0.1353543 0.1286779 1.0041776 0.1068577 0.1147227 0.1516581 0.0000010 0.7347685 0.0808380 0.1209354 0.6241255 0.0803063 0.0000000 0.2375565 0.1459739 0.0950441 
ASV5766.91                             0.2335269 0.2170294 0.2760984 0.2327795 0.2254540 0.2923277 0.2494534 0.3257176 0.2438831 0.0106601 0.2888299 0.2429913 0.2823417 0.2888299 0.2230800 0.2577351 0.0888372 0.2296438 0.2382855 0.2296438 0.0725667 1.1094223 0.2254540 0.2719273 0.2888299 0.2881630 0.2577351 2.7117255 0.0000010 0.2514291 0.6584262 0.2903695 0.2877171 0.2230800 0.2353355 0.2734924 0.2230800 3.0320771 0.2578675 0.2377254 0.2188500 2.6395858 0.2903695 0.2177850 0.2335269 0.2375565 1.2194369 0.2254540 0.2514291 1.0657631 0.2236674 0.2375565 0.0000000 0.2753253 0.2724073 
ASV16301.17                            0.1846098 0.1726404 0.2167231 0.1759887 0.1710564 0.0107887 0.1914778 0.3202607 0.0980866 0.2490302 0.0893826 0.0801087 0.0164167 0.0893826 0.1649304 0.0282332 0.1958946 0.0828372 0.1816856 0.0828372 0.2837585 1.1215792 0.1599594 0.1780695 0.0893826 0.0052959 0.0282332 2.2537947 0.0000010 0.0896684 0.4846195 0.0905509 0.0052897 0.1649304 0.1859372 0.0344779 0.1735468 2.6756525 0.1672805 0.0959685 0.0813253 2.4983225 0.0905509 0.0754347 0.1846098 0.1459739 1.0996256 0.1710564 0.0896684 0.9614971 0.1697109 0.1459739 0.2753253 0.0000000 0.0814119 
ASV4004.145                            0.1789443 0.1156267 0.1443250 0.1175456 0.1146114 0.0967638 0.1420367 0.2496520 0.0693166 0.2462069 0.0053316 0.0947364 0.0903344 0.0053316 0.1034041 0.0736390 0.1967389 0.0771189 0.1061415 0.0771189 0.2812530 0.9846803 0.1130732 0.1723415 0.0053316 0.0884112 0.0736390 2.0500397 0.0000010 0.0617326 0.4636094 0.0165175 0.0883011 0.1034041 0.1802379 0.0813024 0.1106594 2.7441476 0.1615654 0.0678747 0.0826094 2.5644640 0.0165175 0.0697216 0.1789443 0.0950441 0.9554344 0.1146114 0.0617326 0.8382211 0.1137741 0.0950441 0.2724073 0.0814119 0.0000000 
