44
ASV54.20554                0.0000000 0.0430019 0.1767262 0.2216179 0.2511877 0.0689272 0.2766125 0.3013041 0.2743235 0.2621469 0.0430019 0.2332356 0.0097684 0.2744581 0.0684983 0.2520824 0.2552590 0.0689272 0.0048489 0.2216179 0.3412131 0.2886661 1.9324774 1.9067909 1.9115014 0.3014930 0.3407613 0.1767262 0.2552590 0.2637109 0.2517851 0.0252887 0.2743235 0.2514799 0.2511877 0.3178097 0.2511877 0.2703654 0.2621469 0.0237329 0.3309618 0.0000010 0.2766125 0.3108758 
ASV328.3169                0.0430019 0.0000000 0.1834967 0.2297639 0.2711628 0.0423843 0.2976576 0.3108652 0.2953091 0.2711327 0.0048617 0.2416433 0.0546190 0.3231201 0.0541459 0.2608847 0.2754280 0.0423843 0.0487808 0.2297639 0.3568093 0.3167771 2.0504204 2.0220881 2.0263221 0.3529041 0.3543279 0.1834967 0.2754280 0.2841994 0.2605794 0.0259728 0.2953091 0.2714182 0.2711628 0.3276447 0.2711628 0.2911528 0.2711327 0.0301657 0.3569647 0.0619526 0.2976576 0.3415483 
ASV339.3085                0.1767262 0.1834967 0.0000000 0.1062167 0.1410423 0.1862876 0.1242566 0.1078521 0.1319782 0.1017000 0.1924422 0.1069471 0.1943824 0.1407119 0.2062424 0.1283574 0.1322134 0.1862876 0.1855299 0.1062167 0.1315678 0.1364550 1.9485643 1.9221168 1.9476705 0.1681147 0.1604799 0.0000010 0.1322134 0.1158312 0.1164597 0.1726665 0.1319782 0.1150876 0.1410423 0.1166319 0.1410423 0.1319181 0.1089503 0.1753331 0.1437763 0.2529403 0.1242566 0.1449255 
ASV482.1688                0.2216179 0.2297639 0.1062167 0.0000000 0.2331693 0.2416317 0.2265581 0.1908264 0.2168662 0.1838523 0.2397272 0.0050874 0.2414361 0.2480944 0.2642824 0.0152935 0.2369701 0.2416317 0.2314980 0.0000010 0.2457944 0.2312263 2.0840310 2.0545371 2.0835285 0.2625665 0.0070487 0.1062167 0.2369701 0.2152648 0.1665937 0.2374137 0.2168662 0.1952134 0.2331693 0.2025182 0.2331693 0.2212546 0.1750273 0.2380212 0.2677718 0.3326540 0.2265581 0.2475337 
ASV490.1959                0.2511877 0.2711628 0.1410423 0.2331693 0.0000000 0.2771322 0.0442627 0.0712752 0.0502122 0.0509574 0.2820974 0.2348916 0.2725362 0.0565676 0.3017452 0.2558517 0.0051680 0.2771322 0.2618152 0.2331693 0.0078922 0.0066282 1.8875018 1.8617028 1.9284429 0.0770368 0.2526162 0.1410423 0.0051680 0.0505583 0.0633770 0.2468979 0.0502122 0.0502820 0.0000010 0.0788029 0.0000010 0.0502535 0.0570824 0.2465658 0.0500622 0.3429462 0.0442627 0.0069437 
ASV551.1431                0.0689272 0.0423843 0.1862876 0.2416317 0.2771322 0.0000000 0.3038713 0.3292001 0.3015164 0.2883113 0.0480464 0.2537838 0.0817527 0.3294969 0.0097979 0.2735169 0.2814424 0.0000010 0.0753136 0.2416317 0.3874814 0.3249989 2.1454648 2.1140741 2.1180279 0.3593864 0.3808931 0.1862876 0.2814424 0.2902920 0.2774213 0.0498640 0.3015164 0.2773756 0.2771322 0.3466347 0.2771322 0.2973215 0.2883113 0.0435781 0.3642369 0.1022365 0.3038713 0.3503010 
ASV1348.695                0.2766125 0.2976576 0.1242566 0.2265581 0.0442627 0.3038713 0.0000000 0.0523467 0.0051296 0.0512084 0.3091648 0.2282401 0.2991659 0.0103911 0.3296839 0.2489136 0.0381958 0.3038713 0.2878377 0.2265581 0.0333584 0.0505472 1.8689738 1.8438385 1.8679133 0.0271179 0.2434366 0.1242566 0.0381958 0.0051611 0.0636962 0.2720921 0.0051296 0.0268281 0.0442627 0.0593459 0.0442627 0.0158218 0.0573670 0.2760589 0.0000010 0.3491591 0.0000010 0.0531913 
ASV1716.446                0.3013041 0.3108652 0.1078521 0.1908264 0.0712752 0.3292001 0.0523467 0.0000000 0.0586720 0.0157502 0.3224464 0.1909032 0.3246651 0.0654808 0.3556566 0.2110143 0.0784254 0.3292001 0.3129369 0.1908264 0.0244767 0.0506197 2.2677462 2.2346358 2.2680424 0.0874935 0.2292329 0.1078521 0.0784254 0.0458294 0.0266863 0.2965434 0.0586720 0.0579732 0.0712752 0.0051089 0.0712752 0.0455486 0.0211626 0.3048576 0.0596084 0.3930728 0.0523467 0.0532715 
ASV1979.310                0.2743235 0.2953091 0.1319782 0.2168662 0.0502122 0.3015164 0.0051296 0.0586720 0.0000000 0.0573889 0.3067891 0.2184838 0.2968026 0.0157119 0.3272892 0.2387374 0.0440131 0.3015164 0.2855094 0.2168662 0.0422360 0.0584039 1.9145712 1.8885939 1.9135961 0.0215078 0.2297019 0.1319782 0.0440131 0.0104050 0.0700889 0.2698231 0.0000010 0.0324580 0.0502122 0.0658594 0.0502122 0.0212674 0.0636485 0.2733928 0.0057451 0.3457364 0.0051296 0.0614961 
ASV3276.192                0.2621469 0.2711327 0.1017000 0.1838523 0.0509574 0.2883113 0.0512084 0.0157502 0.0573889 0.0000000 0.2818978 0.1839345 0.2837104 0.0640321 0.3130283 0.2037647 0.0574759 0.2883113 0.2728869 0.1838523 0.0244767 0.0429376 2.1434983 2.1134793 2.1432296 0.0854864 0.2164592 0.1017000 0.0574759 0.0448457 0.0102153 0.2578228 0.0573889 0.0446033 0.0509574 0.0213891 0.0509574 0.0445778 0.0050642 0.2592902 0.0581403 0.3744329 0.0512084 0.0451612 
ASV5326.108                0.0430019 0.0048617 0.1924422 0.2397272 0.2820974 0.0480464 0.3091648 0.3224464 0.3067891 0.2818978 0.0000000 0.2518162 0.0546190 0.3231201 0.0541459 0.2714469 0.2864498 0.0480464 0.0487808 0.2397272 0.3766332 0.3323132 2.0001005 1.9727483 1.9772141 0.3529041 0.3714639 0.1924422 0.2864498 0.2953998 0.2711327 0.0259728 0.3067891 0.2823311 0.2820974 0.3397137 0.2820974 0.3025360 0.2818978 0.0301657 0.3714601 0.0619526 0.3091648 0.3586370 
ASV8075.24                 0.2332356 0.2416433 0.1069471 0.0050874 0.2348916 0.2537838 0.2282401 0.1909032 0.2184838 0.1839345 0.2518162 0.0000000 0.2535174 0.2499145 0.2769091 0.0208631 0.2387225 0.2537838 0.2433486 0.0050874 0.2485744 0.2334350 2.1125600 2.0825460 2.1121637 0.2644704 0.0000010 0.1069471 0.2387225 0.2168662 0.1666826 0.2494396 0.2184838 0.1966677 0.2348916 0.2025835 0.2348916 0.2228891 0.1751138 0.2519909 0.2699457 0.3525737 0.2282401 0.2499978 
ASV10975.77                0.0097684 0.0546190 0.1943824 0.2414361 0.2725362 0.0817527 0.2991659 0.3246651 0.2968026 0.2837104 0.0546190 0.2535174 0.0000000 0.2968905 0.0812335 0.2732032 0.2768150 0.0817527 0.0147686 0.2414361 0.3608869 0.3034607 1.9754477 1.9490360 1.9535348 0.3253676 0.3578050 0.1943824 0.2768150 0.2856211 0.2728869 0.0359576 0.2968026 0.2727888 0.2725362 0.3422206 0.2725362 0.2926171 0.2837104 0.0299269 0.3449134 0.0066915 0.2991659 0.3271642 
ASV11205.33                0.2744581 0.3231201 0.1407119 0.2480944 0.0565676 0.3294969 0.0103911 0.0654808 0.0157119 0.0640321 0.3231201 0.2499145 0.2968905 0.0000000 0.3273102 0.2715953 0.0501940 0.3294969 0.2856211 0.2480944 0.0426052 0.0588484 1.9173811 1.8912606 1.9164084 0.0269456 0.2599522 0.1407119 0.0501940 0.0158115 0.0770303 0.2699665 0.0157119 0.0383798 0.0565676 0.0729124 0.0565676 0.0269391 0.0704348 0.2735519 0.0116568 0.3284140 0.0103911 0.0619898 
ASV12032.33                0.0684983 0.0541459 0.2062424 0.2642824 0.3017452 0.0097979 0.3296839 0.3556566 0.3272892 0.3130283 0.0541459 0.2769091 0.0812335 0.3273102 0.0000000 0.2976108 0.3062162 0.0097979 0.0748399 0.2642824 0.4331619 0.3598748 2.2042200 2.1714147 2.1751167 0.3571329 0.4200330 0.2062424 0.3062162 0.3154636 0.3016536 0.0495680 0.3272892 0.3019383 0.3017452 0.3741650 0.3017452 0.3229174 0.3130283 0.0432892 0.3964551 0.1012910 0.3296839 0.3884789 
ASV17024.20                0.2520824 0.2608847 0.1283574 0.0152935 0.2558517 0.2735169 0.2489136 0.2110143 0.2387374 0.2037647 0.2714469 0.0208631 0.2732032 0.2715953 0.2976108 0.0000000 0.2599077 0.2735169 0.2626046 0.0152935 0.2787815 0.2577759 2.1325560 2.1022028 2.1322383 0.2868087 0.0216462 0.1283574 0.2599077 0.2369904 0.1857000 0.2689675 0.2387374 0.2158727 0.2558517 0.2235048 0.2558517 0.2432007 0.1945142 0.2748053 0.2954605 0.3690771 0.2489136 0.2766096 
ASV20749.22                0.2552590 0.2754280 0.1322134 0.2369701 0.0051680 0.2814424 0.0381958 0.0784254 0.0440131 0.0574759 0.2864498 0.2387225 0.2768150 0.0501940 0.3062162 0.2599077 0.0000000 0.2814424 0.2659938 0.2369701 0.0161225 0.0134940 1.8804288 1.8549307 1.9209863 0.0700648 0.2581347 0.1322134 0.0000010 0.0443114 0.0701978 0.2509311 0.0440131 0.0440742 0.0051680 0.0862181 0.0051680 0.0566675 0.0637461 0.2512644 0.0431201 0.3495525 0.0381958 0.0141489 
ASV23198.459               0.0689272 0.0423843 0.1862876 0.2416317 0.2771322 0.0000010 0.3038713 0.3292001 0.3015164 0.2883113 0.0480464 0.2537838 0.0817527 0.3294969 0.0097979 0.2735169 0.2814424 0.0000000 0.0753136 0.2168748 0.3240210 0.2803755 2.0321365 2.0059001 2.0099420 0.3192879 0.3255690 0.1681530 0.2515020 0.2592967 0.2483363 0.0460394 0.2690248 0.2480271 0.2477495 0.3085805 0.2477495 0.2654099 0.2579016 0.0398518 0.3191556 0.0906953 0.2711250 0.2994990 
ASV25397.31                0.0048489 0.0487808 0.1855299 0.2314980 0.2618152 0.0753136 0.2878377 0.3129369 0.2855094 0.2728869 0.0487808 0.2433486 0.0147686 0.2856211 0.0748399 0.2626046 0.2659938 0.0753136 0.0000000 0.2314980 0.3612111 0.3036880 1.9385033 1.9125813 1.9535348 0.3133710 0.3580837 0.1855299 0.2659938 0.2746172 0.2622979 0.0305920 0.2855094 0.2620882 0.2618152 0.3299603 0.2618152 0.2814342 0.2728869 0.0299485 0.3451377 0.0066972 0.2878377 0.3274215 
ASV26252.534               0.2216179 0.2297639 0.1062167 0.0000010 0.2331693 0.2416317 0.2265581 0.1908264 0.2168662 0.1838523 0.2397272 0.0050874 0.2414361 0.2480944 0.2642824 0.0152935 0.2369701 0.2168748 0.2314980 0.0000000 0.2095444 0.2023486 1.9806266 1.9557321 1.9798791 0.2354936 0.0063747 0.0971764 0.2131358 0.1941340 0.1511391 0.2132558 0.1954758 0.1764658 0.2098930 0.1829834 0.2098930 0.1995280 0.1586747 0.2103787 0.2370062 0.2833007 0.2040224 0.2147269 
JDC33_Naganishia           0.3412131 0.3568093 0.1315678 0.2457944 0.0078922 0.3874814 0.0333584 0.0244767 0.0422360 0.0244767 0.3766332 0.2485744 0.3608869 0.0426052 0.4331619 0.2787815 0.0161225 0.3240210 0.3612111 0.2095444 0.0000000 0.0000010 2.1487317 2.1851024 2.2150685 0.0511881 0.0640537 0.0370674 0.0038428 0.0240671 0.0237788 0.0795129 0.0259300 0.0217549 0.0019118 0.0218177 0.0019118 0.0197322 0.0218089 0.0733618 0.0217668 0.0812234 0.0218129 0.0000010 
PI7                        0.2886661 0.3167771 0.1364550 0.2312263 0.0066282 0.3249989 0.0505472 0.0506197 0.0584039 0.0429376 0.3323132 0.2334350 0.3034607 0.0588484 0.3598748 0.2577759 0.0134940 0.2803755 0.3036880 0.2023486 0.0000010 0.0000000 2.1198344 2.1460451 2.2086774 0.0553827 0.0696503 0.0410948 0.0036251 0.0286087 0.0291764 0.0790083 0.0303579 0.0224173 0.0018108 0.0284597 0.0018040 0.0244132 0.0267350 0.0743524 0.0263626 0.0825486 0.0264159 0.0000010 
XL_G2                      1.9324774 2.0504204 1.9485643 2.0840310 1.8875018 2.1454648 1.8689738 2.2677462 1.9145712 2.1434983 2.0001005 2.1125600 1.9754477 1.9173811 2.2042200 2.1325560 1.8804288 2.0321365 1.9385033 1.9806266 2.1487317 2.1198344 0.0000000 0.0000010 0.0954925 2.1363196 2.2617488 2.1025159 2.1124061 2.1097168 2.1360617 2.0973828 2.1051173 2.0988610 2.1157078 2.2069630 2.1157078 2.1062366 2.1330848 2.1055386 2.0498558 2.1406769 2.0723240 2.1240146 
XL_G3                      1.9067909 2.0220881 1.9221168 2.0545371 1.8617028 2.1140741 1.8438385 2.2346358 1.8885939 2.1134793 1.9727483 2.0825460 1.9490360 1.8912606 2.1714147 2.1022028 1.8549307 2.0059001 1.9125813 1.9557321 2.1851024 2.1460451 0.0000010 0.0000000 0.0724951 2.2081614 2.2353266 2.1629194 2.1541203 2.1413183 2.2040673 2.1464600 2.1894756 2.1810495 2.1789772 2.2738895 2.1583211 2.1653664 2.2231565 2.1396142 2.1029662 2.1864834 2.1590719 2.1519618 
XL_H4                      1.9115014 2.0263221 1.9476705 2.0835285 1.9284429 2.1180279 1.8679133 2.2680424 1.9135961 2.1432296 1.9772141 2.1121637 1.9535348 1.9164084 2.1751167 2.1322383 1.9209863 2.0099420 1.9535348 1.9798791 2.2150685 2.2086774 0.0954925 0.0724951 0.0000000 2.2222288 2.3968350 2.1653245 2.1911388 2.1729354 2.2654757 2.1356562 2.2021365 2.1952537 2.2114079 2.3049160 2.1946469 2.1693157 2.2291957 2.1490145 2.1526139 2.1871416 2.1774084 2.2586805 
NR_149342.1__Cryptococcus_ 0.3014930 0.3529041 0.1681147 0.2625665 0.0770368 0.3593864 0.0271179 0.0874935 0.0215078 0.0854864 0.3529041 0.2644704 0.3253676 0.0269456 0.3571329 0.2868087 0.0700648 0.3192879 0.3133710 0.2354936 0.0511881 0.0553827 2.1363196 2.2081614 2.2222288 0.0000000 0.0817752 0.0729198 0.0504288 0.0309800 0.0455866 0.1131798 0.0195211 0.0366187 0.0522670 0.0561170 0.0525426 0.0384921 0.0530974 0.1090937 0.0262394 0.1131343 0.0229210 0.0445148 
NR_111371.1_Naganishia     0.3407613 0.3543279 0.1604799 0.0070487 0.2526162 0.3808931 0.2434366 0.2292329 0.2297019 0.2164592 0.3714639 0.0000010 0.3578050 0.2599522 0.4200330 0.0216462 0.2581347 0.3255690 0.3580837 0.0063747 0.0640537 0.0696503 2.2617488 2.2353266 2.3968350 0.0817752 0.0000000 0.0436755 0.0727792 0.0702800 0.0533767 0.0767939 0.0702611 0.0620231 0.0722879 0.0608087 0.0722879 0.0698239 0.0558766 0.0663082 0.0674545 0.0737813 0.0702800 0.0696503 
NR_111118.1_Naganishia     0.1767262 0.1834967 0.0000010 0.1062167 0.1410423 0.1862876 0.1242566 0.1078521 0.1319782 0.1017000 0.1924422 0.1069471 0.1943824 0.1407119 0.2062424 0.1283574 0.1322134 0.1681530 0.1855299 0.0971764 0.0370674 0.0410948 2.1025159 2.1629194 2.1653245 0.0729198 0.0436755 0.0000000 0.0441868 0.0426003 0.0372489 0.0567045 0.0461372 0.0384160 0.0478599 0.0371297 0.0461575 0.0461481 0.0343047 0.0569164 0.0430782 0.0583301 0.0432068 0.0447081 
NR_111051.1_Naganishia     0.2552590 0.2754280 0.1322134 0.2369701 0.0051680 0.2814424 0.0381958 0.0784254 0.0440131 0.0574759 0.2864498 0.2387225 0.2768150 0.0501940 0.3062162 0.2599077 0.0000010 0.2515020 0.2659938 0.2131358 0.0038428 0.0036251 2.1124061 2.1541203 2.1911388 0.0504288 0.0727792 0.0441868 0.0000000 0.0272358 0.0347985 0.0828093 0.0269856 0.0217232 0.0016722 0.0390028 0.0016174 0.0270954 0.0320813 0.0831922 0.0249144 0.0822596 0.0239353 0.0039189 
NR_111050.1_Naganishia     0.2637109 0.2841994 0.1158312 0.2152648 0.0505583 0.2902920 0.0051611 0.0458294 0.0104050 0.0448457 0.2953998 0.2168662 0.2856211 0.0158115 0.3154636 0.2369904 0.0443114 0.2592967 0.2746172 0.1941340 0.0240671 0.0286087 2.1097168 2.1413183 2.1729354 0.0309800 0.0702800 0.0426003 0.0272358 0.0000000 0.0330178 0.0878030 0.0098943 0.0184101 0.0300944 0.0281079 0.0290622 0.0166655 0.0304285 0.0887380 0.0087435 0.0855486 0.0066832 0.0310565 
NR_111049.1_Naganishia     0.2517851 0.2605794 0.1164597 0.1665937 0.0633770 0.2774213 0.0636962 0.0266863 0.0700889 0.0102153 0.2711327 0.1666826 0.2728869 0.0770303 0.3016536 0.1857000 0.0701978 0.2483363 0.2622979 0.1511391 0.0237788 0.0291764 2.1360617 2.2040673 2.2654757 0.0455866 0.0533767 0.0372489 0.0347985 0.0330178 0.0000000 0.0743309 0.0368937 0.0246542 0.0326998 0.0168449 0.0326998 0.0286816 0.0036011 0.0684115 0.0322336 0.0777495 0.0328234 0.0295998 
NR_111047.1_Naganishia     0.0252887 0.0259728 0.1726665 0.2374137 0.2468979 0.0498640 0.2720921 0.2965434 0.2698231 0.2578228 0.0259728 0.2494396 0.0359576 0.2699665 0.0495680 0.2689675 0.2509311 0.0460394 0.0305920 0.2132558 0.0795129 0.0790083 2.0973828 2.1464600 2.1356562 0.1131798 0.0767939 0.0567045 0.0828093 0.0878030 0.0743309 0.0000000 0.0891894 0.0803145 0.0834130 0.0889125 0.0823702 0.0888427 0.0768151 0.0053563 0.0887644 0.0106703 0.0869623 0.0866135 
NR_111046.1_Naganishia     0.2743235 0.2953091 0.1319782 0.2168662 0.0502122 0.3015164 0.0051296 0.0586720 0.0000010 0.0573889 0.3067891 0.2184838 0.2968026 0.0157119 0.3272892 0.2387374 0.0440131 0.2690248 0.2855094 0.1954758 0.0259300 0.0303579 2.1051173 2.1894756 2.2021365 0.0195211 0.0702611 0.0461372 0.0269856 0.0098943 0.0368937 0.0891894 0.0000000 0.0149051 0.0298063 0.0316146 0.0287941 0.0199942 0.0302557 0.0902699 0.0051684 0.0844994 0.0032944 0.0329411 
NR_111045.1_Naganishia     0.2514799 0.2714182 0.1150876 0.1952134 0.0502820 0.2773756 0.0268281 0.0579732 0.0324580 0.0446033 0.2823311 0.1966677 0.2727888 0.0383798 0.3019383 0.2158727 0.0440742 0.2480271 0.2620882 0.1764658 0.0217549 0.0224173 2.0988610 2.1810495 2.1952537 0.0366187 0.0620231 0.0384160 0.0217232 0.0184101 0.0246542 0.0803145 0.0149051 0.0000000 0.0243113 0.0314452 0.0234928 0.0183165 0.0191564 0.0804269 0.0157964 0.0773954 0.0151837 0.0242929 
NR_077113.1_Naganishia     0.2511877 0.2711628 0.1410423 0.2331693 0.0000010 0.2771322 0.0442627 0.0712752 0.0502122 0.0509574 0.2820974 0.2348916 0.2725362 0.0565676 0.3017452 0.2558517 0.0051680 0.2477495 0.2618152 0.2098930 0.0019118 0.0018108 2.1157078 2.1789772 2.2114079 0.0522670 0.0722879 0.0478599 0.0016722 0.0300944 0.0326998 0.0834130 0.0298063 0.0243113 0.0000000 0.0380743 0.0000010 0.0261753 0.0301582 0.0827037 0.0272583 0.0853584 0.0260385 0.0019487 
NR_077082.1_Naganishia     0.3178097 0.3276447 0.1166319 0.2025182 0.0788029 0.3466347 0.0593459 0.0051089 0.0658594 0.0213891 0.3397137 0.2025835 0.3422206 0.0729124 0.3741650 0.2235048 0.0862181 0.3085805 0.3299603 0.1829834 0.0218177 0.0284597 2.2069630 2.2738895 2.3049160 0.0561170 0.0608087 0.0371297 0.0390028 0.0281079 0.0168449 0.0889125 0.0316146 0.0314452 0.0380743 0.0000000 0.0370583 0.0315086 0.0173760 0.0880629 0.0253924 0.0846216 0.0282534 0.0287330 
NR_073220.1_Naganishia     0.2511877 0.2711628 0.1410423 0.2331693 0.0000010 0.2771322 0.0442627 0.0712752 0.0502122 0.0509574 0.2820974 0.2348916 0.2725362 0.0565676 0.3017452 0.2558517 0.0051680 0.2477495 0.2618152 0.2098930 0.0019118 0.0018040 2.1157078 2.1583211 2.1946469 0.0525426 0.0722879 0.0461575 0.0016174 0.0290622 0.0326998 0.0823702 0.0287941 0.0234928 0.0000010 0.0370583 0.0000000 0.0252899 0.0301582 0.0827037 0.0268138 0.0817812 0.0257556 0.0019487 
NR_073219.1_Naganishia     0.2703654 0.2911528 0.1319181 0.2212546 0.0502535 0.2973215 0.0158218 0.0455486 0.0212674 0.0445778 0.3025360 0.2228891 0.2926171 0.0269391 0.3229174 0.2432007 0.0566675 0.2654099 0.2814342 0.1995280 0.0197322 0.0244132 2.1062366 2.1653664 2.1693157 0.0384921 0.0698239 0.0461481 0.0270954 0.0166655 0.0286816 0.0888427 0.0199942 0.0183165 0.0261753 0.0315086 0.0252899 0.0000000 0.0301526 0.0850922 0.0194512 0.0867117 0.0168866 0.0222597 
NR_152963.1__Cryptococcus_ 0.2621469 0.2711327 0.1089503 0.1750273 0.0570824 0.2883113 0.0573670 0.0211626 0.0636485 0.0050642 0.2818978 0.1751138 0.2837104 0.0704348 0.3130283 0.1945142 0.0637461 0.2579016 0.2728869 0.1586747 0.0218089 0.0267350 2.1330848 2.2231565 2.2291957 0.0530974 0.0558766 0.0343047 0.0320813 0.0304285 0.0036011 0.0768151 0.0302557 0.0191564 0.0301582 0.0173760 0.0301582 0.0301526 0.0000000 0.0752025 0.0257691 0.0802143 0.0265567 0.0287249 
NR_152985.1_Naganishia     0.0237329 0.0301657 0.1753331 0.2380212 0.2465658 0.0435781 0.2760589 0.3048576 0.2733928 0.2592902 0.0301657 0.2519909 0.0299269 0.2735519 0.0432892 0.2748053 0.2512644 0.0398518 0.0299485 0.2103787 0.0733618 0.0743524 2.1055386 2.1396142 2.1490145 0.1090937 0.0663082 0.0569164 0.0831922 0.0887380 0.0684115 0.0053563 0.0902699 0.0804269 0.0827037 0.0880629 0.0827037 0.0850922 0.0752025 0.0000000 0.0857637 0.0096155 0.0881803 0.0763208 
NR_149344.1__Cryptococcus_ 0.3309618 0.3569647 0.1437763 0.2677718 0.0500622 0.3642369 0.0000010 0.0596084 0.0057451 0.0581403 0.3714601 0.2699457 0.3449134 0.0116568 0.3964551 0.2954605 0.0431201 0.3191556 0.3451377 0.2370062 0.0217668 0.0263626 2.0498558 2.1029662 2.1526139 0.0262394 0.0674545 0.0430782 0.0249144 0.0087435 0.0322336 0.0887644 0.0051684 0.0157964 0.0272583 0.0253924 0.0268138 0.0194512 0.0257691 0.0857637 0.0000000 0.0817920 0.0017141 0.0285876 
NR_152962.1_Naganishia     0.0000010 0.0619526 0.2529403 0.3326540 0.3429462 0.1022365 0.3491591 0.3930728 0.3457364 0.3744329 0.0619526 0.3525737 0.0066915 0.3284140 0.1012910 0.3690771 0.3495525 0.0906953 0.0066972 0.2833007 0.0812234 0.0825486 2.1406769 2.1864834 2.1871416 0.1131343 0.0737813 0.0583301 0.0822596 0.0855486 0.0777495 0.0106703 0.0844994 0.0773954 0.0853584 0.0846216 0.0817812 0.0867117 0.0802143 0.0096155 0.0817920 0.0000000 0.0843906 0.0891917 
NR_149343.1__Cryptococcus_ 0.2766125 0.2976576 0.1242566 0.2265581 0.0442627 0.3038713 0.0000010 0.0523467 0.0051296 0.0512084 0.3091648 0.2282401 0.2991659 0.0103911 0.3296839 0.2489136 0.0381958 0.2711250 0.2878377 0.2040224 0.0218129 0.0264159 2.0723240 2.1590719 2.1774084 0.0229210 0.0702800 0.0432068 0.0239353 0.0066832 0.0328234 0.0869623 0.0032944 0.0151837 0.0260385 0.0282534 0.0257556 0.0168866 0.0265567 0.0881803 0.0017141 0.0843906 0.0000000 0.0286504 
KHKNaganishiaDiffluens     0.3108758 0.3415483 0.1449255 0.2475337 0.0069437 0.3503010 0.0531913 0.0532715 0.0614961 0.0451612 0.3586370 0.2499978 0.3271642 0.0619898 0.3884789 0.2766096 0.0141489 0.2994990 0.3274215 0.2147269 0.0000010 0.0000010 2.1240146 2.1519618 2.2586805 0.0445148 0.0696503 0.0447081 0.0039189 0.0310565 0.0295998 0.0866135 0.0329411 0.0242929 0.0019487 0.0287330 0.0019487 0.0222597 0.0287249 0.0763208 0.0285876 0.0891917 0.0286504 0.0000000 
