73
ASV1560.438               0.0000000 0.3600714 0.3695044 0.4743668 0.4312377 0.4238334 0.4246997 0.4047419 0.3348410 0.3202604 0.0187176 0.5017711 0.3780730 0.4102990 0.4142726 0.3038997 0.4166927 0.4685673 0.2744353 0.3010112 0.4538737 0.6262079 0.3748437 0.4022113 0.4099622 0.3348410 0.4320710 0.4562917 0.3298322 0.4562917 0.3093243 0.4383743 0.3981118 0.2744353 0.4032717 0.0092283 0.3777955 0.3211575 0.3211575 0.4147510 0.3515780 0.3208209 0.2933174 0.4663157 0.3334749 0.4507477 0.3020271 0.1011578 0.4351658 0.3208209 0.3691600 0.3777955 0.5771359 0.4524726 0.4941135 0.3456483 0.4445320 0.6872700 0.2979941 0.3103171 0.3819341 0.2877779 0.5281350 0.4902441 0.5677622 0.3951468 0.4750232 0.4551949 0.4174584 0.4340618 0.4880697 0.4732721 0.8585231 
ASV1820.406               0.3600714 0.0000000 0.0516818 1.0380204 0.1155631 0.1086008 0.1142311 0.0594488 0.0985249 0.1258373 0.3477633 0.7795572 0.1397736 0.1172251 0.1074461 0.3315963 0.1076782 0.1803537 0.4617002 0.1107693 0.0789097 0.9430731 0.1450612 0.4224380 0.1064214 0.0985249 0.0620841 0.1278281 0.0970183 0.1258139 0.4110320 0.1539340 0.1137322 0.4647770 0.1480551 0.3700073 0.5681681 0.3227656 0.3227656 0.2445100 0.1093371 0.4794452 0.4142085 0.1601949 0.4173825 0.1702629 0.3988855 0.3583211 0.7392047 0.4794452 0.5195821 0.5681681 0.8207905 0.4994954 0.6560559 0.5976942 0.6297787 0.7464611 0.6383560 0.6382122 0.5031800 0.5081958 1.0006907 0.5916772 1.1092554 0.9376900 0.9374791 0.1472056 0.6668318 0.6725300 0.5512977 1.3280826 1.4141403 
ASV2217.293               0.3695044 0.0516818 0.0000000 1.0508886 0.0884229 0.0469524 0.0873748 0.0361971 0.0554007 0.0807893 0.3773005 0.6846756 0.1308832 0.0549069 0.0465017 0.3127417 0.0465840 0.1178577 0.4436022 0.0836141 0.0703951 0.9429410 0.0985560 0.3903276 0.0797303 0.0554007 0.0538566 0.1003282 0.0545757 0.0987677 0.4509052 0.1248179 0.0876819 0.4471191 0.1709060 0.3794875 0.5997917 0.3044525 0.3044525 0.1977384 0.0648745 0.5016366 0.3909681 0.2065033 0.4566973 0.2071512 0.3771792 0.3670707 0.7779442 0.5016366 0.5195821 0.5997917 0.6990555 0.4723776 0.6599154 0.5846826 0.6271576 0.7356080 0.6345838 0.6554071 0.5498437 0.4607146 1.0477466 0.7142035 1.1823232 1.1474408 0.9374791 0.1916000 0.6982177 0.6695030 0.6138138 1.6948462 1.3222283 
ASV2326.299               0.4743668 1.0380204 1.0508886 0.0000000 1.1462199 1.1046535 1.1292444 1.1706244 1.0941180 1.0169671 0.4984858 0.3762919 1.0761410 1.1046535 1.1676920 0.6102892 1.1046535 1.0007656 0.7601682 0.9359688 1.3549819 1.5863527 0.8730353 0.6466794 1.1038402 1.0941180 1.2438182 1.0566746 1.1304926 1.2498634 0.8110133 1.2707377 1.2580655 0.7713147 1.0886756 0.5351571 0.8940518 0.7760455 0.8008360 1.0699014 1.1690380 0.7030815 1.0198842 1.6175626 1.0630814 1.2453451 1.0093135 0.9057173 0.8097748 0.7030815 0.8122418 0.8940518 1.4174311 0.8451576 1.4671001 0.6365988 0.5759775 1.1138972 0.5090273 0.7425328 1.0478655 1.5164898 0.9675331 0.7501021 1.2927249 0.8074859 0.9765077 1.5656776 1.3478058 0.5722931 0.6804386 1.0161579 3.4132467 
ASV2667.220               0.4312377 0.1155631 0.0884229 1.1462199 0.0000000 0.1136520 0.0069862 0.0624180 0.0908165 0.1302980 0.4405775 1.0008817 0.1823244 0.1226112 0.1205904 0.4032118 0.1126489 0.1695521 0.4648842 0.1304967 0.1375682 0.8259463 0.1175491 0.4097028 0.0069862 0.0908165 0.1183693 0.1160470 0.0994400 0.1142603 0.4869145 0.0530029 0.0519678 0.4678811 0.1277117 0.4412140 0.5533674 0.4007395 0.4007395 0.1824332 0.1014895 0.5169698 0.4179890 0.1676023 0.5264872 0.1610864 0.4457919 0.3997438 0.6397645 0.5169698 0.5289123 0.5533674 0.6730969 0.5171071 0.8610280 0.5954706 0.6561798 0.7056082 0.6591959 0.7913375 0.5654821 0.5463951 1.1353451 0.7243052 1.0557348 0.8862438 0.9449475 0.1545537 0.8367385 0.6458441 0.6749235 1.2438617 1.2645855 
ASV2875.159               0.4238334 0.1086008 0.0469524 1.1046535 0.1136520 0.0000000 0.1122665 0.0899629 0.0871106 0.1157145 0.4332284 0.7709028 0.0836889 0.0072476 0.0299674 0.3334463 0.0000010 0.1579512 0.3810535 0.1076610 0.1204384 1.0016319 0.0948749 0.3903276 0.1040319 0.0871106 0.1014484 0.1269188 0.0857000 0.1354319 0.3850674 0.1311793 0.1121725 0.3738120 0.2033374 0.4121912 0.4950915 0.2724451 0.2724451 0.2042902 0.0982797 0.5141542 0.4324444 0.2299722 0.4226709 0.2473680 0.4167536 0.4198025 0.6898202 0.5141542 0.4879679 0.4950915 0.6946211 0.4105011 0.5997255 0.4507612 0.4282600 0.7607592 0.4247561 0.5123885 0.5409150 0.5064654 0.9955689 0.4985359 0.9755915 0.9331512 0.8030900 0.2134899 0.5231962 0.4590162 0.5305166 1.2851254 1.0453757 
ASV3118.154               0.4246997 0.1142311 0.0873748 1.1292444 0.0069862 0.1122665 0.0000000 0.0616582 0.0897188 0.1287637 0.4338011 0.9878020 0.1801819 0.1211401 0.1110369 0.3971828 0.1112852 0.1675518 0.4578759 0.1289576 0.1359866 0.7962856 0.1161780 0.4097028 0.0141080 0.0897188 0.1169822 0.1256763 0.0982544 0.1237246 0.4803918 0.0450567 0.0441734 0.4610220 0.1262327 0.4346528 0.5463664 0.3947599 0.3947599 0.1802623 0.1002640 0.5095038 0.4113137 0.1573983 0.5194994 0.1720085 0.4388860 0.3941201 0.6317368 0.5095038 0.5215553 0.5463664 0.6635954 0.5105629 0.8491941 0.5855308 0.6454869 0.6807170 0.6473139 0.7785746 0.5573514 0.5284341 1.1190178 0.7297305 1.0184756 0.8553345 0.9303866 0.1447210 0.8243601 0.6353220 0.6624147 1.1979231 1.2429165 
ASV3929.160               0.4047419 0.0594488 0.0361971 1.1706244 0.0624180 0.0899629 0.0616582 0.0000000 0.0978162 0.1356463 0.4382767 0.8368388 0.1742263 0.0983669 0.0890362 0.3837511 0.0892180 0.1694060 0.5083341 0.1303882 0.0778735 0.9775850 0.1353606 0.4063359 0.0541823 0.0978162 0.0780250 0.1182231 0.0963310 0.1155156 0.4437601 0.0968103 0.0613834 0.5102244 0.1377256 0.4385083 0.5910804 0.3735547 0.3735547 0.2499242 0.1085320 0.5440666 0.4117858 0.1921246 0.4783467 0.2158257 0.4649832 0.4398443 0.7415044 0.5440666 0.4907954 0.5910804 0.7751474 0.5062902 0.6677484 0.5848630 0.6807388 0.8039805 0.6543307 0.6356578 0.5183371 0.4471502 0.9397038 0.7020814 1.1216749 1.0294746 0.8081242 0.1779649 0.7064430 0.6873768 0.6025892 1.4807549 1.2784785 
ASV4078.56                0.3348410 0.0985249 0.0554007 1.0941180 0.0908165 0.0871106 0.0897188 0.0978162 0.0000000 0.0556015 0.3637157 0.9481368 0.1583129 0.0959958 0.0861630 0.3552109 0.0863470 0.0639600 0.3953887 0.0292499 0.1371999 1.1343882 0.0290765 0.3981759 0.0818879 0.0000010 0.1180355 0.0989158 0.0000010 0.1223744 0.4268052 0.1406355 0.1163063 0.3785776 0.1339838 0.3689794 0.5668178 0.3745460 0.3530842 0.1646510 0.0069480 0.4630620 0.3331036 0.2002562 0.5156697 0.2050829 0.3209788 0.3050382 0.7932383 0.4630620 0.5739079 0.5668178 0.7177287 0.4460269 0.7389312 0.5663595 0.6473005 0.6133287 0.5519443 0.6859716 0.5307673 0.3572704 1.0979750 0.6383085 1.2020768 1.0847732 1.0029057 0.1858599 0.7613492 0.5664610 0.5792814 1.4797100 1.1787497 
ASV4195.51                0.3202604 0.1258373 0.0807893 1.0169671 0.1302980 0.1157145 0.1287637 0.1356463 0.0556015 0.0000000 0.3268020 0.7621651 0.2073001 0.1248557 0.1144079 0.2999788 0.1146728 0.1370355 0.3897378 0.0919053 0.1478048 0.9766884 0.0996692 0.4588030 0.1205704 0.0556015 0.1282068 0.1780335 0.0552054 0.1849740 0.4376118 0.1826373 0.1589604 0.3733437 0.1714164 0.3307747 0.6181199 0.2981641 0.2981641 0.2103188 0.0651027 0.4571315 0.3318827 0.2448830 0.4265090 0.2491163 0.3213257 0.2650623 0.8105662 0.4571315 0.4965990 0.6181199 0.7307414 0.4952167 0.7854701 0.5257421 0.6384870 0.7328432 0.5324877 0.5772838 0.4533878 0.3195209 1.0618506 0.5627383 1.1800877 1.0498479 0.9697926 0.2282832 0.7139219 0.6228918 0.5826267 1.4315232 1.4232146 
ASV5093.88                0.0187176 0.3477633 0.3773005 0.4984858 0.4405775 0.4332284 0.4338011 0.4382767 0.3637157 0.3268020 0.0000000 0.5237789 0.3776214 0.4191417 0.4232244 0.3035243 0.4257697 0.4790701 0.2885919 0.3071415 0.4137770 0.6104459 0.3828823 0.4067171 0.4187707 0.3637157 0.3928667 0.4405775 0.3580409 0.4405775 0.3393140 0.4480051 0.4311193 0.2885919 0.3882574 0.0187176 0.3604607 0.3166600 0.3166600 0.3879870 0.3813284 0.3019039 0.2972139 0.4506185 0.3330513 0.4351359 0.3016546 0.0892583 0.4139816 0.3019039 0.3588586 0.3604607 0.6035181 0.4201967 0.5465526 0.3727693 0.4525948 0.7758592 0.3500090 0.3340416 0.4126814 0.3527724 0.5562832 0.4861464 0.6489065 0.4528709 0.5579856 0.4341299 0.4664969 0.5035477 0.5733997 0.5482337 0.8847953 
ASV5154.36                0.5017711 0.7795572 0.6846756 0.3762919 1.0008817 0.7709028 0.9878020 0.8368388 0.9481368 0.7621651 0.5237789 0.0000000 0.9177445 0.7307704 0.7658059 0.6747032 0.7565676 1.0637740 1.3812372 0.8061804 0.8311707 1.8357774 0.9249571 0.7736853 0.9694273 0.9481368 0.7808883 0.8529993 0.9321418 0.9997845 0.8178824 1.0559615 1.0880235 1.3850957 1.0926263 0.4775662 1.1571578 0.8400349 0.8088230 1.1239296 1.0047225 0.8979608 0.7994975 1.8108405 0.8717185 1.2390150 0.9459947 0.7853547 1.3497657 0.8979608 0.7738051 1.1571578 1.8726730 0.9615160 1.1909353 0.8345137 1.0109781 2.0677524 0.8798617 0.7794737 1.0822787 1.5327032 1.4350984 1.0812789 1.9093149 0.9962098 1.3741740 1.8062824 1.1022704 1.0517145 0.8373275 1.2783841 3.3264939 
ASV5327.96                0.3780730 0.1397736 0.1308832 1.0761410 0.1823244 0.0836889 0.1801819 0.1742263 0.1583129 0.2073001 0.3776214 0.9177445 0.0000000 0.0922835 0.0924340 0.3277851 0.0829805 0.2043889 0.3672273 0.1913430 0.1840821 1.2832849 0.1889730 0.3565391 0.1712814 0.1583129 0.1627927 0.1554066 0.1556339 0.1657103 0.4163588 0.1912996 0.2041131 0.3728127 0.2565680 0.3913151 0.5531597 0.3903910 0.3903910 0.2524070 0.1718692 0.4422315 0.5122303 0.2972436 0.4847449 0.2623594 0.4656095 0.4544080 0.7867975 0.4422315 0.5710795 0.5531597 0.9838945 0.3818513 0.6086657 0.5052348 0.5911405 0.7668758 0.5378122 0.6833613 0.5886696 0.5032942 1.1722546 0.5332199 1.0465123 0.9104211 0.9906360 0.2837276 0.5667351 0.5457664 0.5958940 1.2315212 1.0436719 
ASV5551.68                0.4102990 0.1172251 0.0549069 1.1046535 0.1226112 0.0072476 0.1211401 0.0983669 0.0959958 0.1248557 0.4191417 0.7307704 0.0922835 0.0000000 0.0375650 0.3284383 0.0071954 0.1680389 0.3750248 0.1066861 0.1293206 1.0063108 0.1036898 0.4155277 0.1129006 0.0959958 0.1101445 0.1362291 0.0944430 0.1447266 0.3743591 0.1402020 0.1210393 0.3680226 0.2134109 0.3993257 0.4687024 0.2686345 0.2686345 0.2149212 0.1073910 0.4986157 0.4249390 0.2404275 0.4108439 0.2581655 0.4097982 0.4067691 0.6552051 0.4986157 0.4731920 0.4687024 0.7083180 0.4561400 0.6097983 0.4834360 0.4598592 0.8410619 0.4586933 0.5123885 0.5743961 0.5064654 1.0546890 0.5338546 1.0328705 0.9331512 0.8516837 0.2236200 0.5551083 0.4915487 0.5720557 1.2851254 1.1072863 
ASV5652.84                0.4142726 0.1074461 0.0465017 1.1676920 0.1205904 0.0299674 0.1110369 0.0890362 0.0861630 0.1144079 0.4232244 0.7658059 0.0924340 0.0375650 0.0000000 0.3692580 0.0297428 0.1559606 0.4193253 0.1272891 0.1191149 1.0090795 0.1342723 0.4011525 0.1110369 0.0861630 0.1003632 0.1339327 0.0847829 0.1423128 0.4654954 0.1297103 0.1109450 0.4111773 0.2257725 0.4031634 0.5715146 0.3051349 0.3051349 0.2153453 0.0971795 0.5549317 0.4590939 0.2148674 0.5062209 0.2456175 0.4421618 0.4106164 0.7321129 0.5549317 0.5730346 0.5715146 0.8055707 0.4869179 0.6718890 0.5387003 0.5011491 0.7972767 0.5166098 0.5746337 0.5703747 0.4990016 1.1512670 0.5887999 1.0393255 0.9267835 0.9477150 0.2107488 0.5927164 0.5343622 0.6528254 1.2731595 1.1710903 
ASV7104.69                0.3038997 0.3315963 0.3127417 0.6102892 0.4032118 0.3334463 0.3971828 0.3837511 0.3552109 0.2999788 0.3035243 0.6747032 0.3277851 0.3284383 0.3692580 0.0000000 0.3284383 0.4070477 0.2939174 0.3123256 0.3153760 0.7695062 0.3522693 0.5124095 0.3971828 0.3552109 0.3108528 0.3416036 0.3499666 0.3761669 0.2694949 0.4264929 0.4429878 0.2939174 0.3287211 0.2958939 0.3333636 0.0651089 0.0550064 0.3581902 0.3806784 0.2586564 0.2383718 0.4036588 0.3700218 0.3328402 0.2216021 0.3149022 0.4541851 0.2586564 0.3997582 0.3333636 0.6907714 0.2564051 0.5482016 0.3726722 0.6276531 0.6056256 0.4177832 0.5509591 0.4825523 0.3327824 0.6361652 0.7212335 0.8305741 0.6071266 0.6074542 0.3945682 0.4686229 0.5547609 0.5875188 0.7843570 0.9485794 
ASV7833.101               0.4166927 0.1076782 0.0465840 1.1046535 0.1126489 0.0000010 0.1112852 0.0892180 0.0863470 0.1146728 0.4257697 0.7565676 0.0829805 0.0071954 0.0297428 0.3284383 0.0000000 0.1563825 0.3750248 0.1066861 0.1193848 1.0215747 0.0940510 0.3903276 0.1031229 0.0863470 0.1005794 0.1257551 0.0849617 0.1341924 0.3795084 0.1300136 0.1111928 0.3680226 0.2013190 0.4054339 0.4877815 0.2686345 0.2686345 0.2021515 0.0973976 0.5057189 0.4249390 0.2276012 0.4164422 0.2447333 0.4097982 0.4129372 0.6781878 0.5057189 0.4800089 0.4877815 0.7368733 0.4353556 0.6327390 0.4834360 0.4598592 0.8049452 0.4586933 0.5123885 0.5743961 0.5064654 1.0546890 0.5338546 1.0328705 0.9331512 0.8516837 0.2113583 0.5551083 0.4915487 0.5720557 1.2851254 1.0453757 
ASV8056.45                0.4685673 0.1803537 0.1178577 1.0007656 0.1695521 0.1579512 0.1675518 0.1694060 0.0639600 0.1370355 0.4790701 1.0637740 0.2043889 0.1680389 0.1559606 0.4070477 0.1563825 0.0000000 0.5161179 0.0821667 0.1780744 1.3717247 0.1002323 0.5545484 0.1587934 0.0639600 0.1567006 0.1712559 0.0720116 0.1783559 0.4889143 0.2153581 0.2036480 0.5184226 0.1972100 0.5090013 0.6695892 0.4538303 0.4538303 0.2677235 0.0737072 0.5829082 0.3549751 0.2767876 0.6301821 0.2490796 0.3742556 0.4592921 0.8590157 0.5829082 0.6715829 0.6695892 0.8614215 0.5260634 0.9610671 0.7778569 0.9758273 0.7001163 0.6919768 0.7468532 0.7920499 0.9184447 1.3682908 0.7736371 1.4973857 1.2497766 1.2404231 0.2585842 0.9379038 0.8947383 0.6114511 1.7363959 1.5258319 
ASV8066.41                0.2744353 0.4617002 0.4436022 0.7601682 0.4648842 0.3810535 0.4578759 0.5083341 0.3953887 0.3897378 0.2885919 1.3812372 0.3672273 0.3750248 0.4193253 0.2939174 0.3750248 0.5161179 0.0000000 0.3752402 0.6070160 0.9424136 0.3632933 0.3638995 0.4429566 0.3953887 0.5570825 0.4711908 0.4063872 0.5236467 0.3201836 0.4578759 0.4546286 0.0080978 0.4938985 0.2908723 0.2833659 0.2674499 0.2880521 0.5216462 0.3841332 0.3219986 0.3526592 0.5032754 0.3644496 0.4699989 0.3345817 0.3617717 0.2847494 0.3219986 0.4352731 0.2833659 1.0720529 0.4682754 0.9272502 0.4564909 0.3748709 1.0834091 0.4317436 0.5842732 0.5773103 0.5514378 0.7582929 0.6934982 0.7664326 0.6826219 0.6792971 0.4920933 0.7891357 0.4412020 0.4627495 0.9054771 1.4715257 
ASV8889.47                0.3010112 0.1107693 0.0836141 0.9359688 0.1304967 0.1076610 0.1289576 0.1303882 0.0292499 0.0919053 0.3071415 0.8061804 0.1913430 0.1066861 0.1272891 0.3123256 0.1066861 0.0821667 0.3752402 0.0000000 0.1495474 1.0442644 0.0293189 0.3649041 0.1207529 0.0292499 0.1296863 0.1022746 0.0292499 0.1094899 0.3511718 0.1859397 0.1507795 0.3589042 0.1263239 0.3338736 0.5058405 0.3518737 0.3518737 0.2159834 0.0374554 0.4242500 0.2968834 0.1924153 0.4143560 0.2046527 0.2691810 0.2666493 0.7165516 0.4242500 0.5360728 0.5058405 0.7163230 0.4011014 0.6483447 0.6059889 0.7317687 0.5985032 0.5943208 0.5851119 0.5701694 0.4689965 1.0670934 0.6198388 1.0884226 1.0268217 0.9529340 0.1781299 0.6953025 0.6746524 0.4907357 1.3946617 1.4821859 
ASV9511.70                0.4538737 0.0789097 0.0703951 1.3549819 0.1375682 0.1204384 0.1359866 0.0778735 0.1371999 0.1478048 0.4137770 0.8311707 0.1840821 0.1293206 0.1191149 0.3153760 0.1193848 0.1780744 0.6070160 0.1495474 0.0000000 1.0701094 0.1776580 0.4238121 0.1278906 0.1371999 0.0136940 0.1412295 0.1350321 0.1582503 0.4838748 0.1686680 0.1574653 0.5848355 0.1523674 0.4415710 0.6357584 0.3373650 0.3373650 0.3019865 0.1493290 0.5748665 0.4107332 0.1941545 0.4736870 0.2342362 0.4818061 0.4636687 0.8364168 0.5748665 0.5481924 0.6357584 0.9226275 0.4816242 0.8288588 0.5948369 0.6839301 0.8912568 0.5965503 0.6378617 0.5945759 0.6514188 1.1634827 0.8841420 1.2619950 1.4132112 1.0285268 0.1803609 0.7767988 0.8466504 0.6860405 2.0340433 1.6782884 
ASV9874.39                0.6262079 0.9430731 0.9429410 1.5863527 0.8259463 1.0016319 0.7962856 0.9775850 1.1343882 0.9766884 0.6104459 1.8357774 1.2832849 1.0063108 1.0090795 0.7695062 1.0215747 1.3717247 0.9424136 1.0442644 1.0701094 0.0000000 1.1393828 0.8830302 0.7962856 1.1343882 1.1179961 0.7996570 1.2108520 0.8696795 1.0856279 0.9713539 0.8649228 0.9079617 1.0467554 0.6520239 0.8473965 0.7817901 0.7402764 1.1862159 1.1737632 1.1304337 0.8224406 1.1648809 0.8748871 0.9333643 0.7629303 0.9876261 0.9386826 1.1304337 0.8386952 0.8473965 1.4424506 1.0477422 1.4003178 0.6368105 0.6450165 0.7833874 0.5810810 1.1231787 1.0325288 1.4580745 1.1041614 1.0495996 1.4828740 0.7927380 0.9576935 1.1116476 1.1997537 0.6500688 0.7003564 0.9160579 4.3821148 
ASV10289.76               0.3748437 0.1450612 0.0985560 0.8730353 0.1175491 0.0948749 0.1161780 0.1353606 0.0290765 0.0996692 0.3828823 0.9249571 0.1889730 0.1036898 0.1342723 0.3522693 0.0940510 0.1002323 0.3632933 0.0293189 0.1776580 1.1393828 0.0000000 0.3748345 0.1082460 0.0290765 0.1571345 0.1166669 0.0288633 0.1235796 0.4056510 0.1379754 0.1347613 0.3479588 0.1529341 0.3879377 0.5674255 0.3500922 0.3500922 0.1849909 0.0372278 0.4005710 0.3598641 0.2218755 0.4621446 0.2358623 0.3462179 0.3367007 0.7469775 0.4005710 0.5572006 0.5674255 0.7498822 0.4489961 0.7323249 0.6339974 0.6125514 0.6654325 0.6244906 0.6233370 0.6475343 0.5736221 1.0608708 0.6047175 1.0441345 1.0418944 0.9296181 0.2066660 0.7542775 0.5670896 0.5441248 1.4178720 1.1797956 
ASV10745.33               0.4022113 0.4224380 0.3903276 0.6466794 0.4097028 0.3903276 0.4097028 0.4063359 0.3981759 0.4588030 0.4067171 0.7736853 0.3565391 0.4155277 0.4011525 0.5124095 0.3903276 0.5545484 0.3638995 0.3649041 0.4238121 0.8830302 0.3748345 0.0000000 0.4097028 0.3981759 0.4011315 0.4466965 0.4241299 0.4466965 0.4907341 0.4274326 0.4239368 0.3638995 0.4416045 0.4879671 0.5289696 0.5298259 0.5298259 0.5231484 0.4187417 0.7189861 0.4572005 0.4912994 0.4862802 0.5192464 0.4316240 0.4485314 0.7323362 0.7189861 0.4695111 0.5289696 0.7195174 0.4307330 0.6962586 0.3840215 0.3842282 0.5075581 0.3902496 0.4280936 0.5371584 0.8797392 0.4934560 0.5092735 0.5582671 0.4162002 0.5896305 0.5115213 0.6006338 0.3817326 0.4050210 0.5567451 1.3643390 
ASV11240.14               0.4099622 0.1064214 0.0797303 1.1038402 0.0069862 0.1040319 0.0141080 0.0541823 0.0818879 0.1205704 0.4187707 0.9694273 0.1712814 0.1129006 0.1110369 0.3971828 0.1031229 0.1587934 0.4429566 0.1207529 0.1278906 0.7962856 0.1082460 0.4097028 0.0000000 0.0818879 0.1090014 0.1068469 0.0904067 0.1052122 0.4669854 0.0611930 0.0441734 0.4464909 0.1182145 0.4201135 0.5333112 0.3947599 0.3947599 0.1943413 0.0922790 0.5095038 0.4113137 0.1573983 0.5059663 0.1507720 0.4388860 0.3807163 0.6183049 0.5095038 0.5073648 0.5333112 0.7026774 0.4977115 0.8324025 0.5855308 0.6279085 0.6807170 0.6278473 0.7598697 0.5573514 0.5284341 1.0944657 0.6930985 1.0184756 0.8734116 0.9100231 0.1447210 0.8066333 0.6353220 0.6422692 1.2266590 1.2429165 
ASV11482.50               0.3348410 0.0985249 0.0554007 1.0941180 0.0908165 0.0871106 0.0897188 0.0978162 0.0000010 0.0556015 0.3637157 0.9481368 0.1583129 0.0959958 0.0861630 0.3552109 0.0863470 0.0639600 0.3953887 0.0292499 0.1371999 1.1343882 0.0290765 0.3981759 0.0818879 0.0000000 0.1180355 0.0989158 0.0000010 0.1223744 0.4268052 0.1406355 0.1163063 0.3785776 0.1185938 0.3689794 0.4656903 0.3745460 0.3530842 0.1646510 0.0069480 0.4630620 0.3331036 0.2002562 0.5156697 0.2050829 0.3209788 0.3050382 0.7932383 0.3974872 0.5739079 0.5668178 0.5709039 0.3727311 0.5928541 0.4658959 0.5008696 0.5153796 0.4483911 0.5577460 0.4482128 0.2717717 0.8491657 0.5198976 0.9224822 0.8189677 0.7837342 0.1634619 0.5987499 0.4680842 0.4653613 1.4797100 0.8300945 
ASV11704.40               0.4320710 0.0620841 0.0538566 1.2438182 0.1183693 0.1014484 0.1169822 0.0780250 0.1180355 0.1282068 0.3928667 0.7808883 0.1627927 0.1101445 0.1003632 0.3108528 0.1005794 0.1567006 0.5570825 0.1296863 0.0136940 1.1179961 0.1571345 0.4011315 0.1090014 0.1180355 0.0000000 0.1415624 0.1161923 0.1586285 0.4640364 0.1483448 0.1376303 0.5371887 0.1527173 0.4204453 0.5925954 0.3325060 0.3325060 0.2758811 0.1295541 0.5588255 0.4044823 0.1946404 0.4550463 0.2224646 0.4744151 0.4368882 0.7854783 0.5588255 0.5257531 0.5925954 0.9096739 0.4451273 0.8344788 0.5948369 0.6545574 0.8485663 0.5857756 0.6687912 0.5706491 0.5937037 1.2194782 0.8475448 1.2166618 1.3454324 1.0770166 0.1807948 0.7822005 0.8123196 0.6860405 1.9290154 1.5676680 
ASV12361.47               0.4562917 0.1278281 0.1003282 1.0566746 0.1160470 0.1269188 0.1256763 0.1182231 0.0989158 0.1780335 0.4405775 0.8529993 0.1554066 0.1362291 0.1339327 0.3416036 0.1257551 0.1712559 0.4711908 0.1022746 0.1412295 0.7996570 0.1166669 0.4466965 0.1068469 0.0989158 0.1415624 0.0000000 0.0981093 0.0000010 0.4708400 0.1696110 0.1145039 0.4489586 0.1663925 0.4661327 0.5772709 0.3507807 0.3507807 0.2634312 0.1000034 0.4636520 0.3988987 0.2001183 0.4508037 0.2006291 0.4061239 0.4271471 0.8039813 0.4636520 0.4960188 0.5772709 0.8139454 0.4621902 0.6923128 0.7279267 0.6680685 0.6869986 0.7261648 0.7903771 0.6688099 0.7270044 1.2379849 0.7522993 1.2696841 1.1370385 1.0646116 0.1857582 0.7594209 0.7421322 0.6283833 1.4304564 1.3177404 
ASV12970.29               0.3298322 0.0970183 0.0545757 1.1304926 0.0994400 0.0857000 0.0982544 0.0963310 0.0000010 0.0552054 0.3580409 0.9321418 0.1556339 0.0944430 0.0847829 0.3499666 0.0849617 0.0720116 0.4063872 0.0292499 0.1350321 1.2108520 0.0288633 0.4241299 0.0904067 0.0000010 0.1161923 0.0981093 0.0000000 0.1213909 0.4154051 0.1383613 0.1153565 0.3892570 0.1429896 0.3633449 0.5720545 0.3689085 0.3478942 0.1631192 0.0069480 0.4732224 0.3281344 0.2103496 0.5012232 0.2257366 0.3163789 0.3154322 0.8168305 0.4732224 0.5841388 0.5720545 0.7775727 0.4348663 0.7158291 0.5780296 0.6587422 0.6493407 0.5647125 0.6614229 0.5411589 0.3805791 1.1853887 0.6696040 1.2626657 1.0919759 1.0632564 0.1956107 0.7352193 0.5778385 0.6126905 1.4838287 1.1405644 
ASV13299.30               0.4562917 0.1258139 0.0987677 1.2498634 0.1142603 0.1354319 0.1237246 0.1155156 0.1223744 0.1849740 0.4405775 0.9997845 0.1657103 0.1447266 0.1423128 0.3761669 0.1341924 0.1783559 0.5236467 0.1094899 0.1582503 0.8696795 0.1235796 0.4466965 0.1052122 0.1223744 0.1586285 0.0000010 0.1213909 0.0000000 0.4708400 0.1668403 0.1319425 0.4987619 0.1730612 0.4661327 0.6029850 0.3875677 0.4096727 0.2752757 0.1237213 0.5214095 0.4381973 0.2185819 0.4508037 0.2074892 0.4444468 0.4403985 0.8319800 0.5214095 0.4960188 0.6029850 0.8161022 0.4621902 0.7605068 0.7279267 0.6680685 0.7488550 0.7261648 0.7903771 0.6590546 0.7021830 1.2379849 0.7522993 1.2696841 1.1370385 1.0646116 0.2037002 0.8235783 0.7421322 0.6283833 1.4304564 1.3599988 
ASV13675.18               0.3093243 0.4110320 0.4509052 0.8110133 0.4869145 0.3850674 0.4803918 0.4437601 0.4268052 0.4376118 0.3393140 0.8178824 0.4163588 0.3743591 0.4654954 0.2694949 0.3795084 0.4889143 0.3201836 0.3511718 0.4838748 1.0856279 0.4056510 0.4907341 0.4669854 0.4268052 0.4640364 0.4708400 0.4154051 0.4708400 0.0000000 0.4861327 0.4548340 0.3572958 0.4637914 0.3502431 0.3225494 0.2890506 0.2890506 0.5564597 0.4351890 0.4250212 0.3982926 0.4205926 0.1726716 0.4413893 0.3797738 0.3668387 0.4315758 0.4250212 0.1990617 0.3225494 1.0096830 0.6256824 0.8970962 0.5487691 0.9912460 1.2060766 0.6530880 0.4421787 0.7607445 0.5568388 0.5289100 0.3712394 0.8392969 0.8502310 0.4353609 0.4469160 0.7261904 0.7363954 0.3642791 1.0929605 0.8675049 
ASV13718.56               0.4383743 0.1539340 0.1248179 1.2707377 0.0530029 0.1311793 0.0450567 0.0968103 0.1406355 0.1826373 0.4480051 1.0559615 0.1912996 0.1402020 0.1297103 0.4264929 0.1300136 0.2153581 0.4578759 0.1859397 0.1686680 0.9713539 0.1379754 0.4274326 0.0611930 0.1406355 0.1483448 0.1696110 0.1383613 0.1668403 0.4861327 0.0000000 0.0611456 0.5205124 0.1499994 0.4484003 0.6056540 0.4002796 0.4002796 0.1707769 0.1531362 0.5095038 0.4175209 0.1715848 0.5371609 0.1851887 0.4715902 0.4076575 0.6676218 0.5095038 0.5548529 0.6056540 0.6805207 0.5361507 0.8758555 0.6010099 0.6632555 0.8096753 0.7495734 0.7729682 0.6387749 0.7295792 1.1133677 0.6643990 1.0224497 0.8813330 0.9425927 0.1581645 0.7897968 0.6892622 0.6742149 1.2380174 1.3275340 
ASV15900.25               0.3981118 0.1137322 0.0876819 1.2580655 0.0519678 0.1121725 0.0441734 0.0613834 0.1163063 0.1589604 0.4311193 1.0880235 0.2041131 0.1210393 0.1109450 0.4429878 0.1111928 0.2036480 0.4546286 0.1507795 0.1574653 0.8649228 0.1347613 0.4239368 0.0441734 0.1163063 0.1376303 0.1145039 0.1153565 0.1319425 0.4548340 0.0611456 0.0000000 0.4827523 0.1661410 0.4532119 0.5983833 0.3761930 0.3761930 0.2246414 0.1276426 0.5914177 0.4853330 0.1556839 0.5373799 0.2004627 0.5131396 0.4503603 0.7112943 0.5914177 0.5650395 0.5983833 0.7771434 0.5078724 0.7650919 0.6273099 0.7723516 0.7748145 0.6942239 0.7180295 0.6420901 0.7293737 0.9980103 0.6320100 0.9922964 0.8456947 0.8609684 0.1432041 0.7982312 0.7014077 0.6189696 1.1784620 1.4037786 
ASV16467.20               0.2744353 0.4647770 0.4471191 0.7713147 0.4678811 0.3738120 0.4610220 0.5102244 0.3785776 0.3733437 0.2885919 1.3850957 0.3728127 0.3680226 0.4111773 0.2939174 0.3680226 0.5184226 0.0080978 0.3589042 0.5848355 0.9079617 0.3479588 0.3638995 0.4464909 0.3785776 0.5371887 0.4489586 0.3892570 0.4987619 0.3572958 0.5205124 0.4827523 0.0000000 0.4771758 0.2991300 0.2958606 0.2709381 0.2918765 0.5101200 0.3682440 0.3219986 0.3526592 0.5319890 0.3789328 0.4666383 0.3345817 0.3767921 0.3133897 0.3219986 0.4399432 0.2958606 1.0088255 0.4840353 0.8982688 0.4668039 0.4191744 1.0109605 0.4368339 0.5582603 0.5013265 0.4138916 0.7420860 0.7506144 0.7516683 0.7524938 0.6634477 0.5202242 0.8829250 0.4835838 0.4710159 0.9868223 1.4705284 
ASV19109.19               0.4032717 0.1480551 0.1709060 1.0886756 0.1277117 0.2033374 0.1262327 0.1377256 0.1339838 0.1714164 0.3882574 1.0926263 0.2565680 0.2134109 0.2257725 0.3287211 0.2013190 0.1972100 0.4938985 0.1263239 0.1523674 1.0467554 0.1529341 0.4416045 0.1182145 0.1185938 0.1527173 0.1663925 0.1429896 0.1730612 0.4637914 0.1499994 0.1661410 0.4771758 0.0000000 0.4161982 0.4315628 0.3752638 0.3752638 0.2230726 0.1458490 0.4377354 0.3509157 0.0944600 0.4503778 0.1609972 0.3499478 0.3330537 0.7349328 0.3759790 0.5205904 0.5197769 0.5963134 0.3989551 0.6343200 0.4998778 0.5207170 0.6033976 0.4675897 0.5330021 0.4797290 0.4271597 0.8660299 0.5638614 0.9421334 0.8293038 0.6953781 0.0754806 0.6434129 0.5749435 0.4417274 1.5165352 1.0973779 
ASV19774.20               0.0092283 0.3700073 0.3794875 0.5351571 0.4412140 0.4121912 0.4346528 0.4385083 0.3689794 0.3307747 0.0187176 0.4775662 0.3913151 0.3993257 0.4031634 0.2958939 0.4054339 0.5090013 0.2908723 0.3338736 0.4415710 0.6520239 0.3879377 0.4879671 0.4201135 0.3689794 0.4204453 0.4661327 0.3633449 0.4661327 0.3502431 0.4484003 0.4532119 0.2991300 0.4161982 0.0000000 0.4050841 0.3049329 0.3049329 0.4258409 0.3689794 0.2968421 0.3211523 0.4795103 0.3531080 0.4492907 0.3293156 0.0971959 0.4884091 0.2968421 0.3617683 0.4050841 0.6733859 0.4800251 0.5528318 0.4015616 0.4097860 0.7758592 0.3435600 0.3703436 0.4652014 0.4193363 0.6521849 0.4980189 0.6783250 0.4294603 0.5558854 0.4873247 0.4530466 0.4566741 0.5285696 0.5146887 1.0165442 
ASV20548.6                0.3777955 0.5681681 0.5997917 0.8940518 0.5533674 0.4950915 0.5463664 0.5910804 0.5668178 0.6181199 0.3604607 1.1571578 0.5531597 0.4687024 0.5715146 0.3333636 0.4877815 0.6695892 0.2833659 0.5058405 0.6357584 0.8473965 0.5674255 0.5289696 0.5333112 0.4656903 0.5925954 0.5772709 0.5720545 0.6029850 0.3225494 0.6056540 0.5983833 0.2958606 0.4315628 0.4050841 0.0000000 0.4004360 0.4004360 0.6290282 0.6122614 0.4906318 0.3841218 0.6607164 0.3898178 0.4716046 0.3775458 0.3834528 0.0911812 0.4119852 0.3370221 0.0000010 0.8364657 0.4479008 0.7078359 0.4020851 0.4931283 0.6461589 0.3881503 0.4855146 0.6084091 0.3791936 0.5488967 0.4851053 0.7764114 0.4761643 0.5623900 0.5075872 0.5900491 0.5673570 0.3651710 0.7285427 0.8020993 
ASV21327.33               0.3211575 0.3227656 0.3044525 0.7760455 0.4007395 0.2724451 0.3947599 0.3735547 0.3745460 0.2981641 0.3166600 0.8400349 0.3903910 0.2686345 0.3051349 0.0651089 0.2686345 0.4538303 0.2674499 0.3518737 0.3373650 0.7817901 0.3500922 0.5298259 0.3947599 0.3745460 0.3325060 0.3507807 0.3689085 0.3875677 0.2890506 0.4002796 0.3761930 0.2709381 0.3752638 0.3049329 0.4004360 0.0000000 0.0082482 0.3788235 0.4009148 0.3260709 0.2699691 0.3786148 0.3816901 0.3614862 0.3216525 0.3054370 0.5298731 0.3260709 0.3903622 0.4004360 0.7896950 0.3090729 0.6379667 0.3864708 0.5915540 0.8631168 0.4482787 0.4906093 0.5100467 0.3925137 0.6785998 0.6949502 0.9200531 0.6222067 0.6880151 0.3658325 0.5142746 0.5880068 0.7299011 0.8033544 1.1478124 
ASV21387.32               0.3211575 0.3227656 0.3044525 0.8008360 0.4007395 0.2724451 0.3947599 0.3735547 0.3530842 0.2981641 0.3166600 0.8088230 0.3903910 0.2686345 0.3051349 0.0550064 0.2686345 0.4538303 0.2880521 0.3518737 0.3373650 0.7402764 0.3500922 0.5298259 0.3947599 0.3530842 0.3325060 0.3507807 0.3478942 0.4096727 0.2890506 0.4002796 0.3761930 0.2918765 0.3752638 0.3049329 0.4004360 0.0082482 0.0000000 0.3788235 0.3783992 0.3077928 0.2530739 0.3786148 0.3816901 0.3614862 0.3030913 0.3253801 0.5298731 0.3077928 0.3903622 0.4004360 0.7447859 0.3090729 0.6031344 0.3864708 0.5915540 0.8137487 0.4482787 0.4906093 0.5100467 0.3925137 0.6785998 0.6949502 0.9200531 0.6222067 0.6880151 0.3658325 0.4835123 0.5880068 0.7299011 0.8033544 1.0701850 
ASV24092.23               0.4147510 0.2445100 0.1977384 1.0699014 0.1824332 0.2042902 0.1802623 0.2499242 0.1646510 0.2103188 0.3879870 1.1239296 0.2524070 0.2149212 0.2153453 0.3581902 0.2021515 0.2677235 0.5216462 0.2159834 0.3019865 1.1862159 0.1849909 0.5231484 0.1943413 0.1646510 0.2758811 0.2634312 0.1631192 0.2752757 0.5564597 0.1707769 0.2246414 0.5101200 0.2230726 0.4258409 0.6290282 0.3788235 0.3788235 0.0000000 0.1789161 0.5378557 0.5061181 0.2623211 0.6493356 0.2548278 0.4542288 0.3799841 0.7976076 0.5378557 0.8152335 0.6290282 0.7603800 0.5417463 1.0261789 0.5834761 0.5055127 0.6918219 0.5957944 0.8970117 0.7161670 0.7730690 1.1730215 0.5459276 1.4547017 1.1955600 1.0839006 0.2494028 0.9148027 0.4586926 0.6823656 1.5953185 0.9541157 
ASV25075.6                0.3515780 0.1093371 0.0648745 1.1690380 0.1014895 0.0982797 0.1002640 0.1085320 0.0069480 0.0651027 0.3813284 1.0047225 0.1718692 0.1073910 0.0971795 0.3806784 0.0973976 0.0737072 0.3841332 0.0374554 0.1493290 1.1737632 0.0372278 0.4187417 0.0922790 0.0069480 0.1295541 0.1000034 0.0069480 0.1237213 0.4351890 0.1531362 0.1276426 0.3682440 0.1458490 0.3689794 0.6122614 0.4009148 0.3783992 0.1789161 0.0000000 0.4743734 0.3584233 0.2146266 0.5265973 0.2043153 0.3450265 0.3050382 0.8540854 0.4743734 0.5875602 0.6122614 0.7628601 0.4590260 0.7648597 0.5842854 0.6224456 0.6734816 0.5713364 0.7687438 0.5664052 0.3572704 1.0529535 0.6383085 1.2785274 1.2583548 0.9625333 0.1995288 0.7784964 0.5839357 0.5792814 1.6749177 1.1787497 
ASV25102.11               0.3208209 0.4794452 0.5016366 0.7030815 0.5169698 0.5141542 0.5095038 0.5440666 0.4630620 0.4571315 0.3019039 0.8979608 0.4422315 0.4986157 0.5549317 0.2586564 0.5057189 0.5829082 0.3219986 0.4242500 0.5748665 1.1304337 0.4005710 0.7189861 0.5095038 0.4630620 0.5588255 0.4636520 0.4732224 0.5214095 0.4250212 0.5095038 0.5914177 0.3219986 0.4377354 0.2968421 0.4906318 0.3260709 0.3077928 0.5378557 0.4743734 0.0000000 0.3218693 0.6117090 0.4640025 0.4965393 0.3395305 0.3000522 0.6165088 0.0000010 0.3860601 0.4906318 0.8088489 0.4824073 0.7602391 0.5902261 0.6115851 0.7604735 0.5342411 0.8330503 0.4643749 0.4215950 0.8471251 0.8354917 1.2118783 0.7323850 0.8742173 0.5972687 0.6598902 0.5980096 0.7210273 1.1429942 0.9665422 
ASV25208.14               0.2933174 0.4142085 0.3909681 1.0198842 0.4179890 0.4324444 0.4113137 0.4117858 0.3331036 0.3318827 0.2972139 0.7994975 0.5122303 0.4249390 0.4590939 0.2383718 0.4249390 0.3549751 0.3526592 0.2968834 0.4107332 0.8224406 0.3598641 0.4572005 0.4113137 0.3331036 0.4044823 0.3988987 0.3281344 0.4381973 0.3982926 0.4175209 0.4853330 0.3526592 0.3509157 0.3211523 0.3841218 0.2699691 0.2530739 0.5061181 0.3584233 0.3218693 0.0000000 0.4975861 0.3569125 0.4301901 0.0465983 0.2421432 0.5217209 0.3218693 0.3917351 0.3841218 0.7844512 0.3699399 0.5781239 0.3425398 0.5503471 0.7064177 0.3946776 0.5380322 0.3964623 0.3141284 0.7174230 0.8625305 0.8578848 0.4654812 0.6813432 0.4588835 0.4732733 0.5296300 0.5280522 0.6328927 1.2838328 
ASV26267.13               0.4663157 0.1601949 0.2065033 1.6175626 0.1676023 0.2299722 0.1573983 0.1921246 0.2002562 0.2448830 0.4506185 1.8108405 0.2972436 0.2404275 0.2148674 0.4036588 0.2276012 0.2767876 0.5032754 0.1924153 0.1941545 1.1648809 0.2218755 0.4912994 0.1573983 0.2002562 0.1946404 0.2001183 0.2103496 0.2185819 0.4205926 0.1715848 0.1556839 0.5319890 0.0944600 0.4795103 0.6607164 0.3786148 0.3786148 0.2623211 0.2146266 0.6117090 0.4975861 0.0000000 0.4484959 0.1381982 0.4794691 0.3527235 0.6897735 0.6117090 0.5675239 0.6607164 0.8133830 0.5659382 0.9255157 0.6217341 0.6589470 0.8160550 0.7093951 0.7145122 0.6302853 0.7569813 0.9039100 0.6157123 0.8964612 0.9104092 0.7290320 0.0068203 0.9203959 0.7421076 0.5831622 1.2886327 2.2566889 
ASV27381.26               0.3334749 0.4173825 0.4566973 1.0630814 0.5264872 0.4226709 0.5194994 0.4783467 0.5156697 0.4265090 0.3330513 0.8717185 0.4847449 0.4108439 0.5062209 0.3700218 0.4164422 0.6301821 0.3644496 0.4143560 0.4736870 0.8748871 0.4621446 0.4862802 0.5059663 0.5156697 0.4550463 0.4508037 0.5012232 0.4508037 0.1726716 0.5371609 0.5373799 0.3789328 0.4503778 0.3531080 0.3898178 0.3816901 0.3816901 0.6493356 0.5265973 0.4640025 0.3569125 0.4484959 0.0000000 0.4724426 0.3165461 0.3294177 0.4768756 0.4640025 0.2115480 0.3898178 1.0820607 0.5653671 0.7750186 0.6320321 0.8006859 1.3415373 0.6690320 0.4795612 0.5992756 0.4754089 0.5772162 0.5314365 0.8977558 0.8973347 0.4495609 0.4468280 0.7717127 0.8476044 0.3908329 1.2153977 1.3814536 
ASV27452.3                0.4507477 0.1702629 0.2071512 1.2453451 0.1610864 0.2473680 0.1720085 0.2158257 0.2050829 0.2491163 0.4351359 1.2390150 0.2623594 0.2581655 0.2456175 0.3328402 0.2447333 0.2490796 0.4699989 0.2046527 0.2342362 0.9333643 0.2358623 0.5192464 0.1507720 0.2050829 0.2224646 0.2006291 0.2257366 0.2074892 0.4413893 0.1851887 0.2004627 0.4666383 0.1609972 0.4492907 0.4716046 0.3614862 0.3614862 0.2548278 0.2043153 0.4965393 0.4301901 0.1381982 0.4724426 0.0000000 0.4223696 0.3013839 0.5775620 0.4965393 0.5059005 0.4716046 0.8223853 0.5199248 0.8756912 0.7051198 0.6916704 0.6660783 0.5380938 0.7651856 0.7206734 0.7219114 1.0880630 0.6993581 1.0757445 0.8624753 1.0102527 0.1260953 0.8855319 0.6912177 0.6491155 1.1572420 1.5014009 
ASV28676.9                0.3020271 0.3988855 0.3771792 1.0093135 0.4457919 0.4167536 0.4388860 0.4649832 0.3209788 0.3213257 0.3016546 0.9459947 0.4656095 0.4097982 0.4421618 0.2216021 0.4097982 0.3742556 0.3345817 0.2691810 0.4818061 0.7629303 0.3462179 0.4316240 0.4388860 0.3209788 0.4744151 0.4061239 0.3163789 0.4444468 0.3797738 0.4715902 0.5131396 0.3345817 0.3499478 0.3293156 0.3775458 0.3216525 0.3030913 0.4542288 0.3450265 0.3395305 0.0465983 0.4794691 0.3165461 0.4223696 0.0000000 0.2525614 0.5859168 0.3395305 0.5062540 0.3775458 0.8702012 0.3269111 0.4806127 0.3907851 0.5962650 0.6136924 0.3790958 0.6361387 0.4243746 0.3358634 0.7468270 0.7355846 1.1168063 0.4761495 0.7231785 0.4428980 0.4145697 0.5121274 0.5482781 0.6406278 1.5868515 
ASV28717.2                0.1011578 0.3583211 0.3670707 0.9057173 0.3997438 0.4198025 0.3941201 0.4398443 0.3050382 0.2650623 0.0892583 0.7853547 0.4544080 0.4067691 0.4106164 0.3149022 0.4129372 0.4592921 0.3617717 0.2666493 0.4636687 0.9876261 0.3367007 0.4485314 0.3807163 0.3050382 0.4368882 0.4271471 0.3154322 0.4403985 0.3668387 0.4076575 0.4503603 0.3767921 0.3330537 0.0971959 0.3834528 0.3054370 0.3253801 0.3799841 0.3050382 0.3000522 0.2421432 0.3527235 0.3294177 0.3013839 0.2525614 0.0000000 0.4453375 0.3000522 0.2980036 0.3834528 0.8832429 0.4445247 0.6820519 0.2775727 0.4495412 0.8279468 0.3842383 0.3864064 0.4090541 0.4745306 0.4512082 0.4490753 0.5305298 0.3346852 0.4169704 0.3231961 0.6531992 0.4317553 0.4967563 0.3756605 1.9967724 
ASV28772.12               0.4351658 0.7392047 0.7779442 0.8097748 0.6397645 0.6898202 0.6317368 0.7415044 0.7932383 0.8105662 0.4139816 1.3497657 0.7867975 0.6552051 0.7321129 0.4541851 0.6781878 0.8590157 0.2847494 0.7165516 0.8364168 0.9386826 0.7469775 0.7323362 0.6183049 0.7932383 0.7854783 0.8039813 0.8168305 0.8319800 0.4315758 0.6676218 0.7112943 0.3133897 0.7349328 0.4884091 0.0911812 0.5298731 0.5298731 0.7976076 0.8540854 0.6165088 0.5217209 0.6897735 0.4768756 0.5775620 0.5859168 0.4453375 0.0000000 0.6165088 0.4337633 0.0911812 1.4561139 0.8084159 1.1181181 0.6658299 0.7312819 0.9667270 0.7563278 0.5598911 0.7787422 0.6322634 0.6634593 0.7025875 0.8527390 0.5251225 0.6382636 0.6703885 1.0285520 0.8295884 0.4669956 0.6660843 1.8116098 
ASV30136.25               0.3208209 0.4794452 0.5016366 0.7030815 0.5169698 0.5141542 0.5095038 0.5440666 0.4630620 0.4571315 0.3019039 0.8979608 0.4422315 0.4986157 0.5549317 0.2586564 0.5057189 0.5829082 0.3219986 0.4242500 0.5748665 1.1304337 0.4005710 0.7189861 0.5095038 0.3974872 0.5588255 0.4636520 0.4732224 0.5214095 0.4250212 0.5095038 0.5914177 0.3219986 0.3759790 0.2968421 0.4119852 0.3260709 0.3077928 0.5378557 0.4743734 0.0000010 0.3218693 0.6117090 0.4640025 0.4965393 0.3395305 0.3000522 0.6165088 0.0000000 0.3860601 0.4906318 0.6343154 0.4038128 0.6046495 0.4560785 0.4987149 0.6317282 0.4560757 0.6172962 0.3666060 0.2735715 0.6814957 0.6691146 0.9432536 0.5847869 0.6991536 0.5007528 0.5268932 0.4687212 0.5873221 1.1429942 0.7246151 
ASV30143.8                0.3691600 0.5195821 0.5195821 0.8122418 0.5289123 0.4879679 0.5215553 0.4907954 0.5739079 0.4965990 0.3588586 0.7738051 0.5710795 0.4731920 0.5730346 0.3997582 0.4800089 0.6715829 0.4352731 0.5360728 0.5481924 0.8386952 0.5572006 0.4695111 0.5073648 0.5739079 0.5257531 0.4960188 0.5841388 0.4960188 0.1990617 0.5548529 0.5650395 0.4399432 0.5205904 0.3617683 0.3370221 0.3903622 0.3903622 0.8152335 0.5875602 0.3860601 0.3917351 0.5675239 0.2115480 0.5059005 0.5062540 0.2980036 0.4337633 0.3860601 0.0000000 0.3370221 0.8854284 0.6842175 0.8865871 0.6331627 0.6061041 1.0384321 0.6247909 0.4611244 0.7390160 0.4400388 0.5487625 0.5559764 0.8061549 0.6384010 0.4078240 0.5645381 0.8461056 0.7330146 0.4418404 0.8198933 1.0179076 
ASV30160.7                0.3777955 0.5681681 0.5997917 0.8940518 0.5533674 0.4950915 0.5463664 0.5910804 0.5668178 0.6181199 0.3604607 1.1571578 0.5531597 0.4687024 0.5715146 0.3333636 0.4877815 0.6695892 0.2833659 0.5058405 0.6357584 0.8473965 0.5674255 0.5289696 0.5333112 0.5668178 0.5925954 0.5772709 0.5720545 0.6029850 0.3225494 0.6056540 0.5983833 0.2958606 0.5197769 0.4050841 0.0000010 0.4004360 0.4004360 0.6290282 0.6122614 0.4906318 0.3841218 0.6607164 0.3898178 0.4716046 0.3775458 0.3834528 0.0911812 0.4906318 0.3370221 0.0000000 1.1234076 0.5578305 0.9196215 0.4854777 0.6490155 0.7929775 0.4682012 0.5928256 0.7582246 0.5370737 0.6748822 0.6002115 0.9887149 0.5944937 0.6943100 0.6195909 0.7659913 0.7155389 0.4460559 0.7285427 1.1391757 
