75
ASV126.6971                               0.0000000 0.6377599 0.4352445 0.6510239 0.4316236 0.3010143 0.6107552 0.4121067 0.4144085 0.9126575 0.4776125 0.0758610 0.2184235 0.3642661 0.4144085 1.2444651 1.7210453 0.4015999 1.3078665 0.4318056 0.3453662 0.3608563 0.4145714 0.3985358 0.5633184 0.2624645 0.7721882 0.5291396 0.3753999 0.3875759 0.5896265 0.2886816 0.2734926 0.4144085 0.5291396 0.6198418 1.2258022 0.9040277 0.0868699 0.2973616 0.4343179 0.4144085 0.2951874 0.3712875 0.2769693 0.4888694 0.6386416 0.4574194 0.5291396 0.3830260 0.4434285 0.3515919 0.0781641 0.3709197 0.4818692 0.4697694 0.8351702 0.1793863 0.4667425 0.2404914 0.8186265 0.2908907 0.1550894 1.6450495 0.5487178 0.3220001 0.1593625 0.4776796 0.3183599 0.3793843 0.3078125 0.5697336 0.7149387 0.2308973 0.2826896 
Mortierella_histoplasmatoides_CBS_321.78  0.6377599 0.0000000 0.3794741 0.2778520 0.0666291 0.3803762 0.3887260 1.1607644 0.9548463 0.4478873 1.0249663 0.5798199 0.2497773 0.0792168 0.9548463 0.7013109 8.1220477 0.0765927 0.4449624 0.9666150 0.2625652 0.2412797 0.2138905 0.9006852 0.4613863 0.2198693 1.2186902 0.2915462 0.0532865 0.3143814 0.4292688 0.3474652 0.1846050 0.9006852 0.3206473 0.4416779 0.4436281 0.4332168 0.3137716 0.3608485 0.9472449 0.9548463 0.0957639 0.0741228 0.1211642 1.2361814 0.2931152 0.3564681 0.3166822 0.7274929 0.1983157 1.1345451 0.3426503 0.4170723 0.4799846 0.3916064 0.4557054 0.2933122 0.4096523 0.1269029 0.6833581 0.1089201 0.3016808 7.3758952 0.4828264 0.1472447 0.2707612 0.3285944 0.1752984 0.3544971 0.0749766 0.3219830 0.4625773 0.1259038 0.0751418 
Gamsiella_stylospora_CBS_211.32           0.4352445 0.3794741 0.0000000 0.3429138 0.3025912 0.3017696 0.3384666 0.5971487 0.5184357 0.4051107 0.5976901 0.3712571 0.3702973 0.3095268 0.5184357 0.7275856 1.7948765 0.3279679 0.3716941 0.5397585 0.3225357 0.4030499 0.3001885 0.5431020 0.3400165 0.4879799 1.0000247 0.2933663 0.2922997 0.3097221 0.2703480 0.2989180 0.5248953 0.4963984 0.2816296 0.3744910 0.4432656 0.3990967 0.2849195 0.3923852 0.5139667 0.5184357 0.3348368 0.3189514 0.3841482 0.7404704 0.2373864 0.3513778 0.3060328 0.5654304 0.3213137 0.6810154 0.2759769 0.3259192 0.3428474 0.3321121 0.3503097 0.2373425 0.3496635 0.3068489 0.5971894 0.3220878 0.2332006 1.7043352 0.3196373 0.3785635 0.2865212 0.3620675 0.4604533 0.3751690 0.4305461 0.2648911 0.3285218 0.3522954 0.4519465 
Necromortierella_dichotoma_CBS_221.35     0.6510239 0.2778520 0.3429138 0.0000000 0.2487171 0.3409123 0.3535411 1.0495779 0.9113820 0.2791263 1.0310046 0.5211876 0.5122993 0.2257531 0.9310998 0.8471764 2.0831991 0.2465359 0.2809281 0.8939013 0.3043937 0.8856059 0.3232519 0.8756383 0.3170238 0.8079369 2.4256200 0.3440282 0.2351097 0.3209998 0.3994697 0.2245312 0.6234570 0.8756383 0.3514506 0.3577073 0.2758402 0.3779909 0.2747502 0.3281428 0.8704198 0.8756383 0.2739067 0.2266803 0.2457148 0.7303771 0.3290433 0.2108663 0.3309456 1.1435173 0.3234103 1.1534121 0.2904320 0.4464862 0.3324737 0.3096059 0.2692515 0.2370980 0.3616026 0.2713600 0.6637967 0.2798198 0.2407326 1.9825564 0.3968705 0.3357093 0.3217452 0.3785701 0.6319843 0.2266772 0.5582347 0.3785705 0.3519431 0.2615326 0.5336532 
Linnemannia_sclerotiella_CBS_529.68       0.4316236 0.0666291 0.3025912 0.2487171 0.0000000 0.3226247 0.3663870 0.9278928 0.7131697 0.3704226 0.6733660 0.3534856 0.1165601 0.0385591 0.7131697 0.6424372 3.1994104 0.0427403 0.3980420 0.7180396 0.2708384 0.2283371 0.2100430 0.7499284 0.3860566 0.1784501 0.6565339 0.3066653 0.0385691 0.3218608 0.3995164 0.2750054 0.1243181 0.6811474 0.3187429 0.3761998 0.3979597 0.4160908 0.2587848 0.3251526 0.7075450 0.7131697 0.0704273 0.0366063 0.1171455 0.7659084 0.2765748 0.3196341 0.3305399 0.5562721 0.1608236 0.9067312 0.2852215 0.3636870 0.4204968 0.3608188 0.3810913 0.2808560 0.3642505 0.1217398 0.5314807 0.0745739 0.2880513 3.0157300 0.3846328 0.1235960 0.2791238 0.2857377 0.1373405 0.3214386 0.0612132 0.2948535 0.4007957 0.1159350 0.0763709 
Entomortierella_echinosphaera_CBS_575.75  0.3010143 0.3803762 0.3017696 0.3409123 0.3226247 0.0000000 0.2829638 0.5757299 0.5952342 0.4198670 0.4184241 0.2995840 0.4297530 0.3431729 0.5952342 0.9934283 3.3116860 0.3515943 0.4564869 0.5880999 0.3068990 0.5758944 0.4100210 0.5699024 0.3748786 0.5912349 1.2931197 0.3179520 0.3100615 0.3264904 0.3690528 0.3511619 0.5627247 0.6239123 0.3391387 0.4318742 0.5036268 0.4696102 0.1719391 0.3520737 0.6275613 0.5952342 0.3483770 0.3363583 0.3516025 0.6479648 0.3628800 0.4167799 0.3389442 0.5446369 0.3657079 0.5531774 0.1664039 0.1374647 0.3829006 0.3454029 0.4385033 0.2367716 0.3934976 0.3514624 0.5557625 0.3650647 0.2159163 3.1197561 0.3596074 0.4154264 0.2621878 0.4083663 0.4210034 0.4408633 0.4990100 0.4078932 0.3849035 0.3001352 0.4547215 
Mortierella_multispora_KUMCC_20-0005      0.6107552 0.3887260 0.3384666 0.3535411 0.3663870 0.2829638 0.0000000 0.7217966 0.7397622 0.5641529 0.7203428 0.6204153 0.7301711 0.3606308 0.7397622 1.1333642 3.7207049 0.3785093 0.4840507 0.8067973 0.2284689 1.3887684 0.4021968 0.7094846 0.3972750 0.8815286 1.8596301 0.3749843 0.3902323 0.3735212 0.4921453 0.3423424 1.0015302 0.7397622 0.3860072 0.4449466 0.6012340 0.4633240 0.3006445 0.4122808 0.7345975 0.7397622 0.4214684 0.3550021 0.4036017 0.8259856 0.4043843 0.4164215 0.3886473 0.3458528 0.4518879 0.8454071 0.3114319 0.3316705 0.4230458 0.3840636 0.4901253 0.2385792 0.4277980 0.4005861 0.5623815 0.4523523 0.2187920 3.5039054 0.3548381 0.3900417 0.3014383 0.4173025 0.8286321 0.4744633 0.8668174 0.4375866 0.4021286 0.3907151 0.8261000 
ASV25298.5                                0.4121067 1.1607644 0.5971487 1.0495779 0.9278928 0.5757299 0.7217966 0.0000000 0.0406747 1.1237253 0.6319394 0.4730541 0.4979648 0.6679361 0.0524630 1.4847178 2.1617579 0.7636800 1.5356668 0.0468030 0.4395724 0.7760652 0.9104692 0.0409922 0.0510480 0.7101651 1.0357656 0.6160553 0.7270510 0.4519346 1.1692119 0.5320311 0.5956788 0.0519744 0.6160553 0.6452574 1.4873120 0.8199511 0.4888679 0.3883653 0.0520888 0.0464134 0.5975045 0.7641008 0.5043382 0.5112140 1.1101011 0.7698333 0.6160553 0.8914057 0.7891114 0.0871466 0.5182685 1.1551613 0.0469031 0.0918176 1.1073232 0.1860444 0.7096511 0.7053695 1.1752999 0.8355761 0.1904435 2.0705155 0.6008777 0.6120650 0.7081563 0.8551119 0.5940674 0.7416952 0.5810554 1.5681272 0.0669572 0.4664920 0.5362037 
ASV3469.145                               0.4144085 0.9548463 0.5184357 0.9113820 0.7131697 0.5952342 0.7397622 0.0406747 0.0000000 1.0773967 0.6107301 0.4138854 0.4686987 0.6003644 0.0093626 1.3708301 1.8291849 0.5947572 1.7658590 0.0299964 0.4378571 0.7327110 0.8640338 0.0093442 0.0326554 0.7185687 0.8566226 0.6711333 0.5959483 0.4703240 1.1408717 0.4536734 0.5765318 0.0093442 0.6711333 0.5955686 1.2313692 0.8783619 0.4487413 0.3533248 0.0093596 0.0046124 0.5281044 0.5949187 0.4813396 0.4763008 0.9369617 0.7050361 0.6711333 0.6670847 0.7512885 0.0847326 0.4648137 0.8665736 0.0353288 0.0992523 1.0617507 0.1746428 0.6643518 0.7088122 1.0183700 0.8038858 0.1903799 1.7547467 0.5126333 0.6611662 0.6575639 0.9442017 0.4958409 0.6427147 0.4646969 1.2278122 0.0595492 0.4444723 0.4658745 
Mortierella_elongatula_CBS_488.70         0.9126575 0.4478873 0.4051107 0.2791263 0.3704226 0.4198670 0.5641529 1.1237253 1.0773967 0.0000000 1.2074376 0.7916926 0.6565313 0.4066916 1.0773967 0.9449485 4.1870032 0.3769027 0.0541395 1.0388455 0.4423407 0.8638762 0.4535014 1.1348474 0.4846035 0.9740078 2.0427514 0.4951055 0.3880011 0.4906555 0.4433972 0.3829734 0.7654321 1.0278097 0.5304208 0.5213825 0.1013407 0.5507773 0.3526469 0.5230354 1.1408706 1.0773967 0.3818047 0.3718675 0.3625347 1.1218780 0.4664745 0.2491983 0.4727968 1.4232009 0.3937655 1.3049633 0.3646453 0.5298668 0.4853515 0.4391915 0.0525064 0.3489957 0.4435980 0.4295545 0.8796543 0.3704358 0.3373078 3.9402889 0.4931775 0.4566131 0.4764126 0.5197263 0.7090614 0.3084527 0.7764607 0.5542424 0.5308096 0.3625359 0.7796459 
ASV4085.114                               0.4776125 1.0249663 0.5976901 1.0310046 0.6733660 0.4184241 0.7203428 0.6319394 0.6107301 1.2074376 0.0000000 0.4768321 0.4258139 0.7127174 0.6295579 1.9921806 2.3231938 0.7629630 2.1658891 0.6182230 0.2414381 0.6056164 1.1800746 0.6376575 0.9059339 0.5666907 1.3265957 0.5173199 0.6448678 0.4245403 1.4570792 0.4109997 0.7587752 0.5937874 0.5173199 0.9972440 1.0394295 1.5129005 0.4780867 0.3243447 0.6405466 0.6406636 0.7996078 0.6744318 0.4838777 0.6949788 1.2418116 0.8265811 0.5173199 0.8249386 0.8969316 0.7532497 0.4948997 0.6406672 0.7224983 0.8819877 1.2353750 0.1241025 0.7195353 0.6392213 0.7622516 0.9520213 0.1215887 2.2247786 0.6587462 1.0230369 0.6580032 1.2289667 0.5740081 0.8863343 0.5899219 2.2334502 1.2052210 0.4180934 0.5916287 
ASV22432.19                               0.0758610 0.5798199 0.3712571 0.5211876 0.3534856 0.2995840 0.6204153 0.4730541 0.4138854 0.7916926 0.4768321 0.0000000 0.1825904 0.3203406 0.4138854 1.0426544 1.4379558 0.3216034 1.0519889 0.4406127 0.3704544 0.3390522 0.4575155 0.4314961 0.5784966 0.2485129 0.6674338 0.5640220 0.3379185 0.4539953 0.5709187 0.3007228 0.2600965 0.4138854 0.5640220 0.7610045 1.0178192 1.3484696 0.0385506 0.3396344 0.4106407 0.4138854 0.2488586 0.2979197 0.2873570 0.6201086 0.5268668 0.4977879 0.5640220 0.3760606 0.4726198 0.4387701 0.0314249 0.4184398 0.4926014 0.4708112 0.6237365 0.2016095 0.6674345 0.2614901 0.7088616 0.2615903 0.1616646 1.3747517 0.4646924 0.2729664 0.2037006 0.5080773 0.2644699 0.4173487 0.2673268 0.4979560 0.7300670 0.2410739 0.2678667 
ASV27352.2                                0.2184235 0.2497773 0.3702973 0.5122993 0.1165601 0.4297530 0.7301711 0.4979648 0.4686987 0.6565313 0.4258139 0.1825904 0.0000000 0.1139531 0.4686987 0.9175442 1.2704460 0.1335637 1.0082932 0.4892630 0.2827363 0.1510004 0.3296326 0.4890011 0.6550336 0.1720979 0.5842238 0.4584021 0.1339705 0.3704665 0.5910804 0.3542027 0.0752240 0.4686987 0.4584021 0.5676443 0.6092558 0.9105223 0.2447395 0.2384016 0.4649496 0.4686987 0.0794000 0.1415028 0.1546284 0.4475047 0.4833401 0.4179641 0.4584021 0.4530071 0.2705673 0.5361724 0.2447395 0.4525285 0.5433700 0.5295791 0.5940526 0.2220822 0.4476892 0.2046366 0.6599887 0.0919998 0.2066983 1.2139754 0.4031478 0.1999744 0.4861659 0.4173880 0.1699248 0.3090238 0.1006052 0.6758303 0.7966358 0.1492646 0.1007803 
Linnemannia_gamsii_CBS_749.68             0.3642661 0.0792168 0.3095268 0.2257531 0.0385591 0.3431729 0.3606308 0.6679361 0.6003644 0.4066916 0.7127174 0.3203406 0.1139531 0.0000000 0.6003644 0.6553149 2.0266577 0.0384240 0.3910169 0.6034265 0.2651477 0.1373419 0.1852553 0.5740472 0.3587127 0.1736276 0.7014621 0.2647143 0.0404895 0.2708566 0.3525768 0.2343839 0.0948536 0.5740472 0.2750063 0.3275833 0.4110717 0.3646802 0.2652769 0.3518298 0.5952543 0.6003644 0.0835016 0.0362310 0.1007845 0.6442286 0.2649350 0.2950847 0.2815094 0.5979952 0.1478039 0.6916435 0.2918710 0.4128712 0.3715726 0.3321913 0.3728875 0.2942294 0.3276794 0.1218323 0.5268653 0.0834516 0.2897271 1.9215559 0.3705314 0.1201245 0.2641579 0.2647551 0.1265763 0.3021455 0.0318972 0.2820661 0.3671177 0.1069684 0.0319525 
ASV6707.39                                0.4144085 0.9548463 0.5184357 0.9310998 0.7131697 0.5952342 0.7397622 0.0524630 0.0093626 1.0773967 0.6295579 0.4138854 0.4686987 0.6003644 0.0000000 1.3113176 1.8408151 0.5947572 1.7658590 0.0301156 0.4378571 0.6928442 0.8640338 0.0093781 0.0327972 0.7185687 0.8619198 0.6711333 0.5959483 0.4703240 1.1530133 0.4536734 0.5765318 0.0093781 0.6711333 0.5642651 1.2313692 0.8230220 0.4487413 0.3533248 0.0093936 0.0046288 0.5281044 0.5949187 0.4813396 0.4531466 1.0171949 0.7050361 0.6711333 0.6630292 0.7512885 0.0851362 0.4648137 0.8247810 0.0354714 0.0998160 1.0617507 0.1746428 0.6289232 0.7088122 1.0282437 0.8038858 0.1903799 1.7656541 0.5172309 0.6611662 0.6575639 0.8961956 0.4958409 0.6834320 0.4646969 1.2573323 0.0598412 0.4444723 0.4658745 
Modicella_albostipitata_PDD_96330         1.2444651 0.7013109 0.7275856 0.8471764 0.6424372 0.9934283 1.1333642 1.4847178 1.3708301 0.9449485 1.9921806 1.0426544 0.9175442 0.6553149 1.3113176 0.0000000 2.1384868 0.6233147 1.0760677 1.4520275 0.8484869 0.9504149 0.9312035 1.4114404 0.8831409 0.8750419 0.1452916 0.6788489 0.6588703 0.6278035 1.1140599 0.7130962 0.7464332 1.4114404 0.6959152 0.9439826 0.9414289 0.9432991 0.8181951 1.0858748 1.3440722 1.3850132 0.6559620 0.5911494 0.7100104 2.1929998 0.6781082 0.7891257 0.6262273 2.3789772 0.6972873 1.4886608 0.8697539 1.1627200 0.7603738 0.7841119 0.9410333 0.8371203 0.8487778 0.6129356 1.1887127 0.6224882 0.7692398 2.0462450 1.1046717 0.8316647 0.8872757 0.7244584 0.7155064 0.8626657 0.5772234 0.8625751 0.9230735 0.6509080 0.6317454 
ASV17349.6                                1.7210453 8.1220477 1.7948765 2.0831991 3.1994104 3.3116860 3.7207049 2.1617579 1.8291849 4.1870032 2.3231938 1.4379558 1.2704460 2.0266577 1.8408151 2.1384868 0.0000000 2.4604992 5.2768367 1.8946042 1.7395640 1.6832044 1.8582693 1.7547467 3.0366773 1.4221026 1.4478678 2.0998212 2.0897855 1.3034267 4.6602420 2.4045114 1.5445100 1.8291849 2.0998212 3.6507487 3.3011774 7.9080033 2.2731386 1.8343070 1.9288996 1.8291849 2.5026121 2.2567742 2.0232183 2.1030541 4.0602771 2.3214705 2.0998212 1.9446175 2.3176015 2.0372143 2.2188810 7.3472354 1.7881567 2.9157317 2.8196137 1.3523080 2.6301647 1.4313880 2.1064286 2.4597577 1.2961789 0.0049731 2.0087500 2.5857101 4.2599071 2.9001060 1.2409781 2.3142347 1.4411750 4.5110078 4.4561888 2.8761793 1.3763851 
Linnemannia_camargensis_CBS_221.58        0.4015999 0.0765927 0.3279679 0.2465359 0.0427403 0.3515943 0.3785093 0.7636800 0.5947572 0.3769027 0.7629630 0.3216034 0.1335637 0.0384240 0.5947572 0.6233147 2.4604992 0.0000000 0.4112216 0.5977460 0.2735643 0.1582375 0.1816254 0.6244090 0.3734786 0.1722206 0.6674914 0.2853935 0.0406324 0.2924074 0.3841574 0.2636004 0.1129729 0.5686721 0.3048536 0.3489057 0.3878821 0.3953748 0.2752881 0.3769406 0.5896704 0.5947572 0.0766865 0.0104208 0.0899495 0.6930217 0.2890983 0.2952018 0.3076864 0.5486370 0.1667252 0.7546143 0.3164578 0.3854647 0.3921650 0.3612340 0.3809541 0.2986082 0.3551658 0.1389793 0.5221205 0.0835061 0.2891982 2.3297698 0.3757501 0.1331164 0.2876881 0.2827287 0.1272714 0.2938398 0.0061107 0.3266244 0.3999258 0.1012696 0.0186855 
Gryganskiella_fimbricystis_CBS_943.70     1.3078665 0.4449624 0.3716941 0.2809281 0.3980420 0.4564869 0.4840507 1.5356668 1.7658590 0.0541395 2.1658891 1.0519889 1.0082932 0.3910169 1.7658590 1.0760677 5.2768367 0.4112216 0.0000000 1.5833032 0.4037157 1.3011751 0.4043326 1.6588112 0.4567890 1.7341166 4.5472054 0.4825504 0.4106578 0.5477050 0.4597961 0.3587579 1.0809692 1.6588112 0.5190116 0.5485288 0.1118973 0.5574239 0.3549401 0.5270162 1.9126519 1.7658590 0.4350817 0.4052769 0.3904558 2.0414834 0.4888328 0.2368104 0.4595043 1.8892809 0.4249231 1.8518181 0.3652039 0.5462786 0.4545881 0.4329616 0.0091305 0.3594489 0.4603101 0.4955104 1.1519968 0.4096446 0.3393693 4.8521247 0.5136873 0.4927600 0.4333315 0.5213322 0.7588257 0.3178701 1.0456451 0.5800357 0.4873998 0.3865601 0.9178699 
ASV17161.29                               0.4318056 0.9666150 0.5397585 0.8939013 0.7180396 0.5880999 0.8067973 0.0468030 0.0299964 1.0388455 0.6182230 0.4406127 0.4892630 0.6034265 0.0301156 1.4520275 1.8946042 0.5977460 1.5833032 0.0000000 0.4615300 0.7659439 0.8717866 0.0298571 0.0051913 0.7228440 0.8467539 0.6059916 0.6271481 0.4451377 1.0708659 0.4550624 0.6025584 0.0196336 0.6059916 0.6179494 1.1870153 0.8338648 0.4553523 0.4058642 0.0299146 0.0246943 0.5302793 0.5979138 0.5370073 0.5173386 0.9599769 0.7195109 0.6059916 0.8209411 0.8404453 0.0589642 0.4773286 0.9402630 0.0145621 0.0970161 1.0237477 0.1885369 0.6861620 0.7128644 1.1096383 0.8101206 0.2052161 1.8164222 0.4264133 0.6730064 0.6825534 0.9588839 0.5525833 0.6719640 0.4850114 1.2854436 0.0401980 0.4977622 0.4862731 
Mortierella_formicae_WA_49853             0.3453662 0.2625652 0.3225357 0.3043937 0.2708384 0.3068990 0.2284689 0.4395724 0.4378571 0.4423407 0.2414381 0.3704544 0.2827363 0.2651477 0.4378571 0.8484869 1.7395640 0.2735643 0.4037157 0.4615300 0.0000000 0.4287548 0.3583018 0.4378571 0.3900364 0.3553938 0.7643401 0.3136936 0.2804887 0.3058304 0.4579055 0.3384033 0.3637232 0.4378571 0.3404440 0.4704667 0.4500823 0.4847793 0.2832848 0.2401075 0.4378571 0.4378571 0.2808912 0.2612613 0.2508097 0.4655937 0.3127789 0.4053190 0.3257215 0.3226255 0.3281043 0.4747358 0.2681557 0.3393459 0.3848940 0.3762813 0.4083756 0.1694469 0.4408321 0.2529963 0.5046147 0.2824074 0.1508517 1.6490217 0.3839210 0.3013914 0.2675908 0.3411406 0.4288103 0.4276874 0.3854018 0.3419642 0.4048005 0.2577684 0.3679500 
ASV28019.3                                0.3608563 0.2412797 0.4030499 0.8856059 0.2283371 0.5758944 1.3887684 0.7760652 0.7327110 0.8638762 0.6056164 0.3390522 0.1510004 0.1373419 0.6928442 0.9504149 1.6832044 0.1582375 1.3011751 0.7659439 0.4287548 0.0000000 0.2961569 0.7055309 1.0568308 0.1966873 0.6901354 0.5445894 0.1490616 0.4896942 0.8758162 0.4361088 0.1496869 0.7327110 0.5445894 0.7436887 0.6152840 1.2555502 0.3732779 0.3426556 0.7280562 0.7327110 0.1554313 0.1757742 0.1735169 0.5731693 0.9004104 0.4920808 0.5445894 0.8162230 0.3915435 0.7072637 0.3732779 0.6720030 0.8463070 0.7062537 0.8078265 0.3359499 0.6298417 0.2194487 0.7808137 0.1707828 0.3321106 1.6090106 0.6959070 0.2839863 0.5832480 0.5383885 0.1500464 0.4772412 0.1284185 1.1249970 1.3123008 0.1681666 0.1286387 
Mortierella_armillariicola_CBS_914.73     0.4145714 0.2138905 0.3001885 0.3232519 0.2100430 0.4100210 0.4021968 0.9104692 0.8640338 0.4535014 1.1800746 0.4575155 0.3296326 0.1852553 0.8640338 0.9312035 1.8582693 0.1816254 0.4043326 0.8717866 0.3583018 0.2961569 0.0000000 0.8240643 0.3956748 0.2121054 1.6664011 0.2709430 0.1915637 0.2844103 0.4618867 0.3105209 0.3452096 0.8240643 0.2705066 0.4280396 0.4977921 0.4216135 0.3177085 0.4684061 0.9147702 0.8640338 0.2150590 0.1862549 0.2501446 0.7300128 0.3767674 0.3425417 0.2769054 0.8401778 0.2414189 0.9238114 0.3173581 0.4669576 0.4069893 0.3585525 0.4072855 0.3753445 0.3773024 0.1621559 0.6664396 0.2355138 0.3298052 1.7635983 0.3743586 0.2037325 0.3308786 0.3434056 0.3327953 0.3549137 0.2292402 0.3902420 0.3840802 0.2415823 0.2165788 
ASV6380.63                                0.3985358 0.9006852 0.5431020 0.8756383 0.7499284 0.5699024 0.7094846 0.0409922 0.0093442 1.1348474 0.6376575 0.4314961 0.4890011 0.5740472 0.0093781 1.4114404 1.7547467 0.6244090 1.6588112 0.0298571 0.4378571 0.7055309 0.8240643 0.0000000 0.0324893 0.6905847 0.8701997 0.6421517 0.5959483 0.4703240 1.1530133 0.4536734 0.5542018 0.0093056 0.6421517 0.5642651 1.2984589 0.8230220 0.4697148 0.3533248 0.0093209 0.0046202 0.5543686 0.6246195 0.4813396 0.4531466 0.9995398 0.6770285 0.6421517 0.6673153 0.7512885 0.0718978 0.4862032 0.8767278 0.0351612 0.0910705 1.1181999 0.1746428 0.6514630 0.6817394 0.9898730 0.7688745 0.1903799 1.6833759 0.4885237 0.6349006 0.6264238 0.9103678 0.4765371 0.6704189 0.4847703 1.2375636 0.0591978 0.4444723 0.4476951 
Linnemannia_amoeboidea_CBS_889.72         0.5633184 0.4613863 0.3400165 0.3170238 0.3860566 0.3748786 0.3972750 0.0510480 0.0326554 0.4846035 0.9059339 0.5784966 0.6550336 0.3587127 0.0327972 0.8831409 3.0366773 0.3734786 0.4567890 0.0051913 0.3900364 1.0568308 0.3956748 0.0324893 0.0000000 1.0064043 1.2348652 0.2983205 0.3862119 0.2937860 0.4746557 0.2690673 0.8239882 0.0213360 0.3070113 0.3871442 0.5049492 0.4153991 0.3391364 0.3785658 0.0325583 0.0268518 0.4038865 0.3530112 0.3621359 0.6505703 0.4367466 0.3701496 0.2802010 1.0985403 0.3799173 0.0651815 0.3477671 0.4724663 0.0200235 0.0613341 0.4243475 0.2924797 0.3699122 0.3847974 0.7525910 0.4176223 0.2811077 2.8832621 0.3620931 0.4135660 0.3454740 0.4520041 0.7496725 0.3754067 0.6503110 0.4944302 0.0344443 0.3541807 0.6525250 
ASV22373.6                                0.2624645 0.2198693 0.4879799 0.8079369 0.1784501 0.5912349 0.8815286 0.7101651 0.7185687 0.9740078 0.5666907 0.2485129 0.1720979 0.1736276 0.7185687 0.8750419 1.4221026 0.1722206 1.7341166 0.7228440 0.3553938 0.1966873 0.2121054 0.6905847 1.0064043 0.0000000 0.6757467 0.5844364 0.1554343 0.5492187 0.6700995 0.4634346 0.1782546 0.6905847 0.5844364 0.8000415 1.0623140 1.2996707 0.3148343 0.3399029 0.7137004 0.7185687 0.1801293 0.1710046 0.2026976 0.6123082 0.6716084 0.4813657 0.5844364 0.5566290 0.4007707 0.7316399 0.2965789 0.6668767 0.8030760 0.7042567 1.0198531 0.3544136 0.8051841 0.0216068 1.0375677 0.2041344 0.3509330 1.3596155 0.5442295 0.1723728 0.5331621 0.5499180 0.2133616 0.4920808 0.1419396 0.9208959 1.2286025 0.1625672 0.1332308 
ASV6702.56                                0.7721882 1.2186902 1.0000247 2.4256200 0.6565339 1.2931197 1.8596301 1.0357656 0.8566226 2.0427514 1.3265957 0.6674338 0.5842238 0.7014621 0.8619198 0.1452916 1.4478678 0.6674914 4.5472054 0.8467539 0.7643401 0.6901354 1.6664011 0.8701997 1.2348652 0.6757467 0.0000000 1.1883914 0.6970077 0.8359981 1.8869689 1.3773681 0.6277596 0.8701997 1.1883914 2.2743728 1.8105394 4.9720387 1.1242689 0.9503653 0.8296330 0.8566226 0.6483838 0.6357957 0.6031820 1.3891821 1.1840778 1.4068502 1.1883914 1.5142600 0.8046949 0.9336306 1.1242689 1.9319582 0.8711839 1.2144871 1.8896746 0.6125415 1.7287301 0.8161192 1.6281678 0.8357087 0.7826889 1.3859830 1.5518841 1.4159685 2.0679421 1.4748415 0.4842804 1.3495458 0.4983605 2.1186728 1.5309616 0.6454960 0.5450139 
Podila_clonocystis_CBS_357.76             0.5291396 0.2915462 0.2933663 0.3440282 0.3066653 0.3179520 0.3749843 0.6160553 0.6711333 0.4951055 0.5173199 0.5640220 0.4584021 0.2647143 0.6711333 0.6788489 2.0998212 0.2853935 0.4825504 0.6059916 0.3136936 0.5445894 0.2709430 0.6421517 0.2983205 0.5844364 1.1883914 0.0000000 0.2803835 0.0248120 0.3925104 0.2603279 0.6990421 0.6421517 0.0284583 0.4322405 0.5072930 0.4595376 0.3001101 0.4009941 0.6658344 0.6711333 0.2957161 0.2780318 0.2458230 0.8383022 0.3086286 0.4021667 0.0138671 0.6547562 0.2494214 0.6823832 0.3123210 0.3938885 0.2983895 0.2817352 0.4806538 0.2793327 0.4189937 0.2879487 0.6709616 0.3299423 0.2877221 1.9950018 0.2983971 0.3563192 0.3416642 0.3321852 0.5527650 0.3980860 0.5766367 0.3322282 0.3216832 0.2486204 0.5264011 
Mortierella_rishikesha_CBS_652.68         0.3753999 0.0532865 0.2922997 0.2351097 0.0385691 0.3100615 0.3902323 0.7270510 0.5959483 0.3880011 0.6448678 0.3379185 0.1339705 0.0404895 0.5959483 0.6588703 2.0897855 0.0406324 0.4106578 0.6271481 0.2804887 0.1490616 0.1915637 0.5959483 0.3862119 0.1554343 0.6970077 0.2803835 0.0000000 0.2753387 0.3606818 0.2448698 0.1045826 0.5959483 0.2977139 0.3591472 0.3795213 0.4019509 0.2510271 0.3553207 0.5959483 0.5959483 0.0768755 0.0404233 0.1003483 0.6489250 0.2835122 0.3114846 0.2981278 0.4706994 0.1604337 0.7036696 0.2851697 0.3899816 0.4002404 0.3520147 0.3809151 0.2848875 0.3541864 0.1089225 0.5279550 0.0809955 0.2828025 1.9802689 0.3703134 0.1295071 0.2709344 0.2837768 0.1188366 0.2960831 0.0258092 0.3186217 0.4014302 0.1085611 0.0325882 
Podila_humilis_CBS_222.35                 0.3875759 0.3143814 0.3097221 0.3209998 0.3218608 0.3264904 0.3735212 0.4519346 0.4703240 0.4906555 0.4245403 0.4539953 0.3704665 0.2708566 0.4703240 0.6278035 1.3034267 0.2924074 0.5477050 0.4451377 0.3058304 0.4896942 0.2844103 0.4703240 0.2937860 0.5492187 0.8359981 0.0248120 0.2753387 0.0000000 0.3803924 0.2555898 0.5579014 0.4703240 0.0402834 0.4741414 0.5029570 0.5022044 0.3107517 0.3897045 0.4925944 0.4703240 0.3031386 0.2847749 0.2591356 0.7143118 0.3031759 0.3842877 0.0287833 0.4304367 0.2717290 0.4440787 0.3232748 0.4099911 0.2793844 0.2906827 0.4765774 0.2664201 0.4309538 0.2929212 0.6137437 0.3427586 0.2745709 1.2472453 0.2927042 0.3635027 0.3361298 0.3345799 0.4562363 0.3676385 0.4545155 0.3377728 0.3242145 0.2610855 0.4367527 
Gamsiella_multidivaricata_CBS_227.78      0.5896265 0.4292688 0.2703480 0.3994697 0.3995164 0.3690528 0.4921453 1.1692119 1.1408717 0.4433972 1.4570792 0.5709187 0.5910804 0.3525768 1.1530133 1.1140599 4.6602420 0.3841574 0.4597961 1.0708659 0.4579055 0.8758162 0.4618867 1.1530133 0.4746557 0.6700995 1.8869689 0.3925104 0.3606818 0.3803924 0.0000000 0.3675461 0.5538712 1.1051399 0.4030348 0.4303193 0.5635009 0.5042873 0.3773040 0.5604316 1.2140161 1.1530133 0.3898551 0.3578816 0.3622113 0.8879411 0.3741306 0.4897161 0.4008659 1.7268688 0.3681205 1.4493299 0.3741080 0.5267658 0.4573408 0.4569275 0.4475901 0.3606191 0.4448368 0.3960513 0.6979937 0.4080068 0.3185607 4.3874076 0.4209875 0.4825415 0.3809055 0.5140084 0.6830596 0.4784467 0.5289460 0.4476540 0.5003031 0.3569987 0.5055061 
Mortierella_microzygospora_CBS_880.97     0.2886816 0.3474652 0.2989180 0.2245312 0.2750054 0.3511619 0.3423424 0.5320311 0.4536734 0.3829734 0.4109997 0.3007228 0.3542027 0.2343839 0.4536734 0.7130962 2.4045114 0.2636004 0.3587579 0.4550624 0.3384033 0.4361088 0.3105209 0.4536734 0.2690673 0.4634346 1.3773681 0.2603279 0.2448698 0.2555898 0.3675461 0.0000000 0.4724522 0.4340599 0.2738313 0.3876866 0.3726593 0.4237526 0.2721422 0.3903363 0.4496544 0.4536734 0.3137132 0.2510224 0.2456909 0.5808803 0.3560414 0.3104746 0.2640026 0.5643093 0.2861591 0.4860530 0.3069703 0.3999942 0.2626784 0.2464684 0.3346842 0.3122191 0.3699122 0.2551213 0.6138993 0.3018490 0.3011036 2.2749316 0.3190333 0.2870318 0.3427573 0.3786859 0.4320013 0.3156199 0.4065634 0.3846358 0.2893411 0.2616969 0.4271356 
ASV22891.6                                0.2734926 0.1846050 0.5248953 0.6234570 0.1243181 0.5627247 1.0015302 0.5956788 0.5765318 0.7654321 0.7587752 0.2600965 0.0752240 0.0948536 0.5765318 0.7464332 1.5445100 0.1129729 1.0809692 0.6025584 0.3637232 0.1496869 0.3452096 0.5542018 0.8239882 0.1782546 0.6277596 0.6990421 0.1045826 0.5579014 0.5538712 0.4724522 0.0000000 0.5765318 0.6990421 0.5589965 0.6405654 0.9632036 0.3512639 0.3314311 0.5721431 0.5765318 0.0259355 0.1205718 0.2279110 0.4671208 0.7452450 0.5368166 0.6990421 0.5041755 0.3474939 0.6401578 0.3512639 0.6879483 0.6985421 0.6526233 0.7351518 0.3427489 0.5350739 0.2213541 0.9851770 0.0382638 0.3216219 1.4747901 0.5680425 0.2056487 0.5433496 0.4561725 0.1972656 0.4137467 0.0830173 0.8419367 1.0152992 0.2235437 0.0831564 
ASV524.1546                               0.4144085 0.9006852 0.4963984 0.8756383 0.6811474 0.6239123 0.7397622 0.0519744 0.0093442 1.0278097 0.5937874 0.4138854 0.4686987 0.5740472 0.0093781 1.4114404 1.8291849 0.5686721 1.6588112 0.0196336 0.4378571 0.7327110 0.8240643 0.0093056 0.0213360 0.6905847 0.8701997 0.6421517 0.5959483 0.4703240 1.1051399 0.4340599 0.5765318 0.0000000 0.6421517 0.5421611 1.1736606 0.7828946 0.4297222 0.3533248 0.0093209 0.0046202 0.5047368 0.5687907 0.4813396 0.4368254 0.9509893 0.6770285 0.6421517 0.6673153 0.7512885 0.0779649 0.4454537 0.9192000 0.0247715 0.0985527 1.0129310 0.1746428 0.6241321 0.6817394 1.0722009 0.7688745 0.1903799 1.7547467 0.4885237 0.6349006 0.6264238 0.9103678 0.4958409 0.6427147 0.4646969 1.1812020 0.0591978 0.4444723 0.4658745 
Podila_horticola_CBS_305.52               0.5291396 0.3206473 0.2816296 0.3514506 0.3187429 0.3391387 0.3860072 0.6160553 0.6711333 0.5304208 0.5173199 0.5640220 0.4584021 0.2750063 0.6711333 0.6959152 2.0998212 0.3048536 0.5190116 0.6059916 0.3404440 0.5445894 0.2705066 0.6421517 0.3070113 0.5844364 1.1883914 0.0284583 0.2977139 0.0402834 0.4030348 0.2738313 0.6990421 0.6421517 0.0000000 0.4448968 0.5202272 0.4611598 0.3203272 0.4280801 0.6658344 0.6711333 0.3117892 0.3021504 0.2838310 0.8383022 0.3363820 0.3969319 0.0286909 0.6547562 0.2467568 0.6823832 0.3244629 0.4096735 0.3155467 0.3000501 0.5147821 0.2843146 0.4517775 0.2990898 0.7045021 0.3311061 0.2983047 1.9950018 0.2970450 0.3778525 0.3476512 0.3277852 0.5527650 0.3927283 0.5766367 0.3355949 0.3182177 0.2841451 0.5264011 
Mortierella_polygonia_CBS_685.71          0.6198418 0.4416779 0.3744910 0.3577073 0.3761998 0.4318742 0.4449466 0.6452574 0.5955686 0.5213825 0.9972440 0.7610045 0.5676443 0.3275833 0.5642651 0.9439826 3.6507487 0.3489057 0.5485288 0.6179494 0.4704667 0.7436887 0.4280396 0.5642651 0.3871442 0.8000415 2.2743728 0.4322405 0.3591472 0.4741414 0.4303193 0.3876866 0.5589965 0.5421611 0.4448968 0.0000000 0.5778596 0.0329778 0.4039795 0.4675997 0.5598869 0.5642651 0.3437155 0.3283245 0.3276689 0.0340020 0.4035759 0.4153185 0.4228604 1.0176260 0.3476124 0.6707748 0.4098362 0.5162369 0.3930141 0.3674236 0.5212105 0.3359707 0.0744598 0.4186067 0.6983539 0.3574782 0.3473577 3.4458459 0.4809686 0.4411754 0.4137855 0.4116501 0.6950290 0.4190246 0.5934237 0.4078166 0.4207012 0.3200206 0.5934237 
Gryganskiella_cystojenkinii_CBS_456.71    1.2258022 0.4436281 0.4432656 0.2758402 0.3979597 0.5036268 0.6012340 1.4873120 1.2313692 0.1013407 1.0394295 1.0178192 0.6092558 0.4110717 1.2313692 0.9414289 3.3011774 0.3878821 0.1118973 1.1870153 0.4500823 0.6152840 0.4977921 1.2984589 0.5049492 1.0623140 1.8105394 0.5072930 0.3795213 0.5029570 0.5635009 0.3726593 0.6405654 1.1736606 0.5202272 0.5778596 0.0000000 0.6095638 0.4235328 0.5349118 1.3061586 1.2313692 0.4380880 0.3791552 0.3530206 1.4087507 0.5117751 0.2570316 0.4905899 1.8069500 0.4892191 1.4992615 0.4222015 0.5370844 0.5302802 0.4907081 0.0985298 0.3679631 0.4712448 0.5277497 0.9108875 0.4068231 0.3713815 3.1214231 0.5352549 0.4820332 0.5826214 0.5171561 0.6956910 0.2936388 0.5897274 0.5720704 0.5748839 0.3758013 0.5917284 
Mortierella_indohii_CBS_720.71            0.9040277 0.4332168 0.3990967 0.3779909 0.4160908 0.4696102 0.4633240 0.8199511 0.8783619 0.5507773 1.5129005 1.3484696 0.9105223 0.3646802 0.8230220 0.9432991 7.9080033 0.3953748 0.5574239 0.8338648 0.4847793 1.2555502 0.4216135 0.8230220 0.4153991 1.2996707 4.9720387 0.4595376 0.4019509 0.5022044 0.5042873 0.4237526 0.9632036 0.7828946 0.4611598 0.0329778 0.6095638 0.0000000 0.4715043 0.4935241 0.8166965 0.8230220 0.3754911 0.3707334 0.3643968 0.0131238 0.4183545 0.4392098 0.4369978 1.5330839 0.3872556 0.9519097 0.4695414 0.5702376 0.4039949 0.3946851 0.5532402 0.3543872 0.0697296 0.4467843 0.7401587 0.3909218 0.3843005 7.2116959 0.5200422 0.4798908 0.4551281 0.4376801 1.2545695 0.4148707 1.0415372 0.4327792 0.4067454 0.3548754 1.0415372 
Mortierella_gemmifera_CBS_134.45          0.0868699 0.3137716 0.2849195 0.2747502 0.2587848 0.1719391 0.3006445 0.4888679 0.4487413 0.3526469 0.4780867 0.0385506 0.2447395 0.2652769 0.4487413 0.8181951 2.2731386 0.2752881 0.3549401 0.4553523 0.2832848 0.3732779 0.3177085 0.4697148 0.3391364 0.3148343 1.1242689 0.3001101 0.2510271 0.3107517 0.3773040 0.2721422 0.3512639 0.4297222 0.3203272 0.4039795 0.4235328 0.4715043 0.0000000 0.3446365 0.4265790 0.4487413 0.2542914 0.2646671 0.2554198 0.6540442 0.2977416 0.2856168 0.3136351 0.3907310 0.2726770 0.5142313 0.0298617 0.2372064 0.3503915 0.2960212 0.3274913 0.2151070 0.3624315 0.2782986 0.5535812 0.2477765 0.1962774 2.1553912 0.3036964 0.2749026 0.1780048 0.2999712 0.3078456 0.3020964 0.3266125 0.3096312 0.3876222 0.2345422 0.3274067 
Mortierella_calciphila_WA_18944           0.2973616 0.3608485 0.3923852 0.3281428 0.3251526 0.3520737 0.4122808 0.3883653 0.3533248 0.5230354 0.3243447 0.3396344 0.2384016 0.3518298 0.3533248 1.0858748 1.8343070 0.3769406 0.5270162 0.4058642 0.2401075 0.3426556 0.4684061 0.3533248 0.3785658 0.3399029 0.9503653 0.4009941 0.3553207 0.3897045 0.5604316 0.3903363 0.3314311 0.3533248 0.4280801 0.4675997 0.5349118 0.4935241 0.3446365 0.0000000 0.3533248 0.3533248 0.3951647 0.3478426 0.3567153 0.4907032 0.4110447 0.4000448 0.4144006 0.5423432 0.4097342 0.4181548 0.3227949 0.3762689 0.4004000 0.3756888 0.5039388 0.2164912 0.4202754 0.3840663 0.6808580 0.3961473 0.2107877 1.7268759 0.4625462 0.4345783 0.3616422 0.4417937 0.3336904 0.3968299 0.3189869 0.3841374 0.3945682 0.3410434 0.3025587 
ASV22531.8                                0.4343179 0.9472449 0.5139667 0.8704198 0.7075450 0.6275613 0.7345975 0.0520888 0.0093596 1.1408706 0.6405466 0.4106407 0.4649496 0.5952543 0.0093936 1.3440722 1.9288996 0.5896704 1.9126519 0.0299146 0.4378571 0.7280562 0.9147702 0.0093209 0.0325583 0.7137004 0.8296330 0.6658344 0.5959483 0.4925944 1.2140161 0.4496544 0.5721431 0.0093209 0.6658344 0.5598869 1.3061586 0.8166965 0.4265790 0.3533248 0.0000000 0.0046275 0.5233773 0.5898241 0.4813396 0.4498200 0.9451255 0.7000915 0.6658344 0.6417005 0.7962206 0.0844591 0.4422685 0.8712442 0.0352312 0.0905958 1.1240681 0.1746428 0.6548214 0.7040598 1.0231923 0.7982820 0.1903799 1.8498558 0.4688120 0.6563378 0.6974348 0.9054352 0.4919019 0.6381397 0.4609941 1.1751846 0.0593505 0.4444723 0.4621582 
ASV475.1669                               0.4144085 0.9548463 0.5184357 0.8756383 0.7131697 0.5952342 0.7397622 0.0464134 0.0046124 1.0773967 0.6406636 0.4138854 0.4686987 0.6003644 0.0046288 1.3850132 1.8291849 0.5947572 1.7658590 0.0246943 0.4378571 0.7327110 0.8640338 0.0046202 0.0268518 0.7185687 0.8566226 0.6711333 0.5959483 0.4703240 1.1530133 0.4536734 0.5765318 0.0046202 0.6711333 0.5642651 1.2313692 0.8230220 0.4487413 0.3533248 0.0046275 0.0000000 0.5281044 0.5949187 0.4813396 0.4531466 0.9509893 0.7050361 0.6711333 0.6587787 0.7512885 0.0779649 0.4648137 0.8767278 0.0299110 0.0910705 1.0617507 0.1746428 0.6241321 0.7088122 1.0282437 0.8038858 0.1903799 1.7547467 0.4885237 0.6611662 0.6575639 0.9103678 0.4958409 0.6427147 0.4646969 1.1812020 0.0527977 0.4444723 0.4658745 
Linnemannia_acrotona_CBS_386.71           0.2951874 0.0957639 0.3348368 0.2739067 0.0704273 0.3483770 0.4214684 0.5975045 0.5281044 0.3818047 0.7996078 0.2488586 0.0794000 0.0835016 0.5281044 0.6559620 2.5026121 0.0766865 0.4350817 0.5302793 0.2808912 0.1554313 0.2150590 0.5543686 0.4038865 0.1801293 0.6483838 0.2957161 0.0768755 0.3031386 0.3898551 0.3137132 0.0259355 0.5047368 0.3117892 0.3437155 0.4380880 0.3754911 0.2542914 0.3951647 0.5233773 0.5281044 0.0000000 0.0787260 0.1534456 0.5293476 0.2953547 0.3431809 0.3189590 0.5804571 0.1940285 0.6706855 0.2813873 0.4129098 0.4091909 0.3434579 0.4079133 0.3086219 0.3437197 0.1244190 0.5633087 0.0343108 0.3269970 2.3658155 0.4021487 0.1343402 0.3104152 0.3107549 0.2100332 0.3276422 0.0789256 0.3059043 0.4071121 0.1537105 0.0953060 
Linnemannia_schmuckeri_CBS_295.59         0.3712875 0.0741228 0.3189514 0.2266803 0.0366063 0.3363583 0.3550021 0.7641008 0.5949187 0.3718675 0.6744318 0.2979197 0.1415028 0.0362310 0.5949187 0.5911494 2.2567742 0.0104208 0.4052769 0.5979138 0.2612613 0.1757742 0.1862549 0.6246195 0.3530112 0.1710046 0.6357957 0.2780318 0.0404233 0.2847749 0.3578816 0.2510224 0.1205718 0.5687907 0.3021504 0.3283245 0.3791552 0.3707334 0.2646671 0.3478426 0.5898241 0.5949187 0.0787260 0.0000000 0.0867639 0.6418055 0.2680165 0.2858729 0.2997156 0.5355133 0.1657100 0.7550131 0.2991955 0.3732177 0.3706133 0.3421608 0.3758599 0.2754155 0.3284273 0.1356149 0.5045008 0.0830417 0.2664173 2.1388200 0.3707420 0.1292161 0.2760121 0.2639512 0.1259543 0.2843004 0.0187285 0.3038098 0.3778357 0.0987011 0.0318232 
Mortierella_wuyishanensis_CBS_370.95      0.2769693 0.1211642 0.3841482 0.2457148 0.1171455 0.3516025 0.4036017 0.5043382 0.4813396 0.3625347 0.4838777 0.2873570 0.1546284 0.1007845 0.4813396 0.7100104 2.0232183 0.0899495 0.3904558 0.5370073 0.2508097 0.1735169 0.2501446 0.4813396 0.3621359 0.2026976 0.6031820 0.2458230 0.1003483 0.2591356 0.3622113 0.2456909 0.2279110 0.4813396 0.2838310 0.3276689 0.3530206 0.3643968 0.2554198 0.3567153 0.4813396 0.4813396 0.1534456 0.0867639 0.0000000 0.5074563 0.3351068 0.3072055 0.2630191 0.5472656 0.1425707 0.5532734 0.2763147 0.3578038 0.3667963 0.3212903 0.3655241 0.2797256 0.3111936 0.1805846 0.5549290 0.1558487 0.2914223 1.9126319 0.3638944 0.1765574 0.2925543 0.3165157 0.1713763 0.2713617 0.1346936 0.3596221 0.3818551 0.0212061 0.1255648 
ASV23068.6                                0.4888694 1.2361814 0.7404704 0.7303771 0.7659084 0.6479648 0.8259856 0.5112140 0.4763008 1.1218780 0.6949788 0.6201086 0.4475047 0.6442286 0.4531466 2.1929998 2.1030541 0.6930217 2.0414834 0.5173386 0.4655937 0.5731693 0.7300128 0.4531466 0.6505703 0.6123082 1.3891821 0.8383022 0.6489250 0.7143118 0.8879411 0.5808803 0.4671208 0.4368254 0.8383022 0.0340020 1.4087507 0.0131238 0.6540442 0.4907032 0.4498200 0.4531466 0.5293476 0.6418055 0.5074563 0.0000000 1.4465356 0.6936365 0.8383022 0.7763868 0.9420601 0.5585973 0.6746439 0.7411920 0.4919297 0.5992079 1.2195924 0.2996366 0.0932530 0.6313182 0.9204568 0.6082568 0.3295364 2.0094497 0.5551693 0.5605082 0.7740658 0.5559817 0.5683931 0.6006515 0.4931878 1.0478763 0.8171041 0.5184055 0.4931878 
Dissophora_ornata_CBS_347.77              0.6386416 0.2931152 0.2373864 0.3290433 0.2765748 0.3628800 0.4043843 1.1101011 0.9369617 0.4664745 1.2418116 0.5268668 0.4833401 0.2649350 1.0171949 0.6781082 4.0602771 0.2890983 0.4888328 0.9599769 0.3127789 0.9004104 0.3767674 0.9995398 0.4367466 0.6716084 1.1840778 0.3086286 0.2835122 0.3031759 0.3741306 0.3560414 0.7452450 0.9509893 0.3363820 0.4035759 0.5117751 0.4183545 0.2977416 0.4110447 0.9451255 0.9509893 0.2953547 0.2680165 0.3351068 1.4465356 0.0000000 0.3671221 0.3283703 1.0633516 0.3225487 1.0342925 0.3057577 0.4089714 0.4329532 0.3678792 0.4651363 0.2268927 0.3720199 0.2953685 0.5195249 0.3002864 0.2302131 3.8207364 0.3955913 0.3965494 0.3034367 0.3664223 0.5518265 0.3835970 0.5772089 0.1065199 0.4422638 0.3074725 0.6075608 
Entomortierella_parvispora_CBS_311.52     0.4574194 0.3564681 0.3513778 0.2108663 0.3196341 0.4167799 0.4164215 0.7698333 0.7050361 0.2491983 0.8265811 0.4977879 0.4179641 0.2950847 0.7050361 0.7891257 2.3214705 0.2952018 0.2368104 0.7195109 0.4053190 0.4920808 0.3425417 0.6770285 0.3701496 0.4813657 1.4068502 0.4021667 0.3114846 0.3842877 0.4897161 0.3104746 0.5368166 0.6770285 0.3969319 0.4153185 0.2570316 0.4392098 0.2856168 0.4000448 0.7000915 0.7050361 0.3431809 0.2858729 0.3072055 0.6936365 0.3671221 0.0000000 0.3889211 0.8258713 0.3579807 0.7284371 0.3058448 0.4697382 0.3575044 0.3444659 0.2227165 0.2638295 0.3754864 0.3028298 0.6445782 0.3291877 0.2568083 2.2145828 0.4072151 0.3867392 0.3856873 0.3749368 0.4462229 0.0399191 0.4297440 0.3931766 0.3943282 0.3245486 0.3969362 
Podila_epicladia_CBS_355.76               0.5291396 0.3166822 0.3060328 0.3309456 0.3305399 0.3389442 0.3886473 0.6160553 0.6711333 0.4727968 0.5173199 0.5640220 0.4584021 0.2815094 0.6711333 0.6262273 2.0998212 0.3076864 0.4595043 0.6059916 0.3257215 0.5445894 0.2769054 0.6421517 0.2802010 0.5844364 1.1883914 0.0138671 0.2981278 0.0287833 0.4008659 0.2640026 0.6990421 0.6421517 0.0286909 0.4228604 0.4905899 0.4369978 0.3136351 0.4144006 0.6658344 0.6711333 0.3189590 0.2997156 0.2630191 0.8383022 0.3283703 0.3889211 0.0000000 0.6547562 0.2609208 0.6823832 0.3263023 0.4261273 0.2801217 0.2794449 0.4590290 0.2895479 0.4047446 0.3035838 0.6543195 0.3553350 0.2941320 1.9950018 0.3229316 0.3786227 0.3434724 0.3515162 0.5527650 0.3809027 0.5766367 0.3484294 0.3023185 0.2726861 0.5264011 
ASV3650.139                               0.3830260 0.7274929 0.5654304 1.1435173 0.5562721 0.5446369 0.3458528 0.8914057 0.6670847 1.4232009 0.8249386 0.3760606 0.4530071 0.5979952 0.6630292 2.3789772 1.9446175 0.5486370 1.8892809 0.8209411 0.3226255 0.8162230 0.8401778 0.6673153 1.0985403 0.5566290 1.5142600 0.6547562 0.4706994 0.4304367 1.7268688 0.5643093 0.5041755 0.6673153 0.6547562 1.0176260 1.8069500 1.5330839 0.3907310 0.5423432 0.6417005 0.6587787 0.5804571 0.5355133 0.5472656 0.7763868 1.0633516 0.8258713 0.6547562 0.0000000 0.9412475 0.8435423 0.4054786 0.8778258 0.8849927 0.9239997 1.3389452 0.3132505 0.9111784 0.5779101 1.4406422 0.6981906 0.2895358 1.8661176 0.6545938 0.6800020 0.5014025 1.1029247 0.4250701 0.8280373 0.4274133 1.4177173 1.3482021 0.4751719 0.4274133 
