75
ASV126.6971                               0.0000000 0.3830616 0.6906621 0.2683036 0.0984937 0.3962001 0.3153736 0.3711209 0.4331356 0.3199788 0.2775969 0.4172305 0.2917714 0.2758672 0.3009577 0.3962001 0.3962001 0.3735899 0.3962001 0.6655635 0.4220362 0.6640169 0.2880570 0.2717037 0.3142028 0.3147410 0.3703520 0.2778970 0.3178714 0.4294386 0.3421715 0.4398790 0.4051141 0.4393039 0.4063321 0.1120957 0.3649584 0.1128475 0.3203121 0.3827888 0.3846201 0.3470671 0.4753336 0.6549875 0.6282524 0.5691370 0.4185109 0.3491032 0.3491032 0.3491032 0.2942903 0.4763929 0.2787914 0.5883746 0.5374811 0.1026800 0.4600810 0.4137807 0.7610818 0.6196837 0.5986164 0.4668881 0.8241459 0.1704348 0.4778154 0.4597168 0.5185847 0.2625511 0.6802051 0.5229182 0.6182577 0.2502153 0.6920628 0.3680026 0.4873713 
ASV17161.29                               0.3830616 0.0000000 0.8630567 0.5374915 0.2631432 0.0356317 0.4646718 0.3509684 0.0408898 0.4476363 0.5639295 0.0358307 0.3912818 0.4790383 0.4040880 0.0303133 0.0251006 0.0601391 0.0356435 0.4331083 0.0360349 0.8286409 0.4188173 0.4176285 0.4398821 0.5454807 0.5175902 0.6481789 0.5120861 0.7039922 0.5318077 0.8015285 0.4670604 0.9397727 0.7008891 0.3120725 0.4536776 0.3150580 0.4276106 0.5309766 0.4961547 0.4581346 0.6077233 0.8298588 0.4846948 0.7123847 0.0198796 0.4179700 0.4179700 0.4179700 0.3415035 0.3750920 0.2778558 0.8439444 0.4307699 0.4549160 0.4735671 0.0830334 0.8294306 0.8708790 0.6114272 0.4468214 1.1763354 0.4038667 0.0106010 0.6330589 0.6458426 0.3827260 0.6439921 0.5244869 0.0469289 0.4984189 1.2227334 0.7694311 0.5698878 
ASV17349.6                                0.6906621 0.8630567 0.0000000 0.4170368 0.4338353 0.7885340 0.4717518 0.5092397 0.8849434 0.5072891 0.9073361 0.8414977 0.8571574 0.6235658 0.3806376 0.8199679 0.7885675 0.9208674 0.8199679 0.6278701 0.7683712 0.0049785 0.3967870 0.4252151 0.5134797 0.5979172 0.5569333 0.4526211 0.5168176 0.7860405 0.5954158 0.6866228 0.7121532 0.8766068 0.5975125 0.5579078 0.8200939 0.5660482 0.8196525 0.6383833 0.6827429 0.7593225 0.8296418 0.9037001 0.6947124 0.7635536 0.9084771 1.1328421 1.1328421 1.1328421 1.1229039 0.8651996 1.0497309 0.9769991 0.8417401 1.3325425 0.9079307 0.9083243 0.8033439 0.6532985 0.9020387 0.6865132 1.0515207 1.1384352 1.2315343 1.0072523 1.1016656 0.8753586 1.1361708 1.9179943 1.6191153 1.4160536 1.5303562 1.9281692 1.2670460 
ASV22373.6                                0.2683036 0.5374915 0.4170368 0.0000000 0.1964485 0.5319441 0.1463836 0.3303525 0.5650701 0.1258682 0.2292446 0.5585072 0.2847763 0.2930325 0.1094365 0.5319441 0.5146758 0.5569271 0.5146758 0.4186374 0.5015260 0.4007631 0.1092431 0.1524039 0.1508489 0.1430795 0.1413460 0.0158581 0.1271138 0.1602801 0.1156596 0.1418591 0.1700221 0.1382953 0.2000549 0.2300499 0.1537991 0.2320900 0.3197155 0.3823247 0.3753468 0.3064772 0.3243496 0.2615833 0.4588255 0.5028078 0.6108748 0.3779727 0.3779727 0.3779727 0.3113184 0.5588453 0.2953921 0.7001211 0.4792799 0.3390545 0.2720414 0.5344661 0.6100851 0.6990723 0.5335453 0.3935543 0.6162771 0.4097275 0.7244262 0.3470884 0.3782545 0.2515643 0.8231986 0.5171330 0.9292658 0.4988803 1.0532303 0.4966812 0.5431815 
ASV22432.19                               0.0984937 0.2631432 0.4338353 0.1964485 0.0000000 0.2590493 0.2819314 0.2913305 0.2890729 0.2075759 0.3237497 0.2646639 0.2290918 0.1728990 0.2205373 0.2590493 0.2590493 0.2489538 0.2590493 0.3972377 0.2433272 0.4166550 0.1997579 0.1594822 0.2549366 0.2208356 0.2504703 0.1852894 0.2570225 0.3357565 0.2897814 0.3403397 0.2829643 0.3686808 0.2568950 0.0000010 0.2820188 0.0000010 0.2373672 0.2624768 0.2506152 0.2287886 0.2879520 0.4188990 0.4387780 0.3461293 0.2742638 0.2501243 0.2501243 0.2501243 0.1660006 0.2774768 0.1535147 0.4496135 0.3379184 0.0932360 0.2850727 0.2569249 0.4548903 0.3160006 0.3650841 0.3587808 0.5455621 0.1059939 0.3070961 0.3277441 0.3361387 0.1525951 0.3792342 0.3989642 0.3757385 0.1027073 0.6581519 0.3037636 0.4533141 
ASV22531.8                                0.3962001 0.0356317 0.7885340 0.5319441 0.2590493 0.0000000 0.4265929 0.3149623 0.0519739 0.3957770 0.5002496 0.0093436 0.3542149 0.4535321 0.3917609 0.0046177 0.0093016 0.0778964 0.0093016 0.4151766 0.0093920 0.7589106 0.4061916 0.4367980 0.4252882 0.5269835 0.5002661 0.6416069 0.4950366 0.7062085 0.5207008 0.6474632 0.4765138 0.8816254 0.6496755 0.3063374 0.4633125 0.3092154 0.4931063 0.5537339 0.4941071 0.3950774 0.6376652 0.7765267 0.4510575 0.6445450 0.0351834 0.4908862 0.4908862 0.4908862 0.3656840 0.3586145 0.2981712 0.9613766 0.4318336 0.4200635 0.4753017 0.0754760 0.9401248 0.8973144 0.5668285 0.4199173 1.3783196 0.4607820 0.0326275 0.6654463 0.6882995 0.3732283 0.6266413 0.4602184 0.0593346 0.4801081 1.5093615 0.7966690 0.5028076 
ASV22891.6                                0.3153736 0.4646718 0.4717518 0.1463836 0.2819314 0.4265929 0.0000000 0.2349915 0.4333608 0.0949266 0.1597354 0.4340328 0.3171445 0.2963659 0.0833820 0.4265929 0.4113185 0.4520771 0.4113185 0.3798553 0.4005283 0.4536153 0.0832323 0.1819307 0.0864783 0.1105116 0.1036760 0.2027415 0.0787413 0.1579244 0.0489096 0.0769066 0.2455920 0.1669687 0.2064386 0.3367582 0.2270643 0.3367582 0.3044065 0.3552689 0.3721875 0.2783346 0.3660168 0.3440663 0.4081841 0.5194469 0.4759583 0.3607189 0.3607189 0.3607189 0.3688502 0.4954477 0.3463783 0.6722281 0.4781464 0.4522746 0.3298240 0.4712104 0.5730622 0.5818585 0.3692182 0.3019691 0.5323180 0.4834258 0.5535276 0.3475916 0.3622823 0.2242854 0.5147608 0.5373707 0.6948471 0.6251052 0.8052467 0.5285985 0.3644943 
ASV23068.6                                0.3711209 0.3509684 0.5092397 0.3303525 0.2913305 0.3149623 0.2349915 0.0000000 0.3314701 0.2645115 0.2817456 0.3296135 0.2618425 0.3438554 0.2634792 0.3115762 0.3149623 0.3007315 0.3149623 0.4141414 0.3115762 0.4898064 0.2752022 0.2994073 0.3251600 0.3592081 0.3531468 0.4105888 0.3397288 0.4121927 0.2703025 0.3196963 0.4013090 0.5715901 0.3413704 0.3459541 0.3679229 0.3525131 0.2656062 0.3158328 0.3293450 0.3230304 0.5280091 0.4424367 0.4918563 0.4766321 0.3350645 0.3203939 0.3203939 0.3203939 0.3583615 0.5173327 0.3034293 0.7014561 0.4760794 0.4076408 0.3632060 0.3788408 0.6319765 0.6845709 0.7009266 0.0163728 0.6894267 0.4826915 0.4086208 0.5121686 0.0705035 0.3126002 0.6019906 0.6141935 0.5232450 0.5241854 1.0844518 0.5337647 0.0202068 
ASV25298.5                                0.4331356 0.0408898 0.8849434 0.5650701 0.2890729 0.0519739 0.4333608 0.3314701 0.0000000 0.3846970 0.5718872 0.0406801 0.4163965 0.5019103 0.4611430 0.0464229 0.0519901 0.0809094 0.0410004 0.4456970 0.0525838 0.8504912 0.4775722 0.4990243 0.5145482 0.6306144 0.5978294 0.7012871 0.5919979 0.8432785 0.5314984 0.7115770 0.5460529 0.9885066 0.7431646 0.3468202 0.5344132 0.3468202 0.4035781 0.6255174 0.5624825 0.5159850 0.7055988 0.8980435 0.4921344 0.6638794 0.0471277 0.4253419 0.4253419 0.4253419 0.3631995 0.4371007 0.2965303 0.9329155 0.4262163 0.5468548 0.5196114 0.0775289 0.9138279 0.9783326 0.5912089 0.4429710 1.2726980 0.4832749 0.0512689 0.6653466 0.7131465 0.4061654 0.6592561 0.5908664 0.0675304 0.5680576 1.3571008 0.8745223 0.5297181 
ASV27352.2                                0.3199788 0.4476363 0.5072891 0.1258682 0.2075759 0.3957770 0.0949266 0.2645115 0.3846970 0.0000000 0.1786542 0.3853453 0.2363668 0.2221499 0.1311728 0.3957770 0.3810873 0.4560416 0.3810873 0.3340538 0.3711413 0.4874507 0.1225741 0.1680419 0.1309542 0.1505507 0.1533791 0.1690412 0.1315848 0.1917465 0.1199227 0.1147840 0.1976802 0.2638604 0.1570326 0.2453046 0.1806373 0.2453046 0.2183494 0.3253420 0.3553099 0.2029561 0.2949019 0.2413957 0.4322126 0.4401825 0.4545052 0.2849604 0.2849604 0.2849604 0.2803485 0.4950814 0.2649327 0.6567073 0.4729734 0.3800958 0.2716223 0.4613733 0.5695656 0.4611867 0.3942797 0.3426895 0.5111365 0.3340979 0.5550811 0.3340115 0.4119353 0.2160836 0.5628338 0.6733855 0.7187591 0.4071374 0.7921112 0.4677170 0.4327936 
ASV28019.3                                0.2775969 0.5639295 0.9073361 0.2292446 0.3237497 0.5002496 0.1597354 0.2817456 0.5718872 0.1786542 0.0000000 0.5420131 0.4452168 0.4209315 0.1775596 0.5043742 0.4882907 0.5139622 0.4882907 0.4296054 0.5354546 0.8736042 0.1772113 0.1943282 0.1816166 0.2257352 0.2189052 0.3314314 0.1808275 0.2335806 0.1360294 0.1706119 0.1539386 0.3141269 0.3947708 0.3906335 0.1174979 0.3947757 0.3466890 0.5017252 0.5785781 0.3763827 0.4414525 0.6375042 0.4988110 0.7301543 0.5744054 0.3696782 0.3696782 0.3696782 0.4241898 0.5559350 0.4054896 0.8929424 0.6572446 0.5399410 0.3936299 0.6183833 0.7854876 0.8545451 0.7782213 0.3670676 0.7193459 0.5957480 0.7079247 0.4055854 0.3713363 0.3740477 0.9351785 0.8301239 0.9417257 0.6761406 1.3185721 0.8910159 0.4710669 
ASV3469.145                               0.4172305 0.0358307 0.8414977 0.5585072 0.2646639 0.0093436 0.4340328 0.3296135 0.0406801 0.3853453 0.5420131 0.0000000 0.3503784 0.4947716 0.3983973 0.0046145 0.0093468 0.0784085 0.0093468 0.4101022 0.0093858 0.8088912 0.4130841 0.4598663 0.4333566 0.5368736 0.5097576 0.6715305 0.5100937 0.7453571 0.5522366 0.6832235 0.5228635 0.8930578 0.6595215 0.3142638 0.5107690 0.3172913 0.4871314 0.5771903 0.5326472 0.4363624 0.6746993 0.7843967 0.4904851 0.7152396 0.0353771 0.4842103 0.4842103 0.4842103 0.3877583 0.3805177 0.3170512 0.9231213 0.4354375 0.4336252 0.5034871 0.0836914 0.9041162 0.8388912 0.6105956 0.4399438 1.3316192 0.5054483 0.0328211 0.6963458 0.6880733 0.3690134 0.6930197 0.4858151 0.0597380 0.5346383 1.3560302 0.8720812 0.5315795 
ASV3650.139                               0.2917714 0.3912818 0.8571574 0.2847763 0.2290918 0.3542149 0.3171445 0.2618425 0.4163965 0.2363668 0.4452168 0.3503784 0.0000000 0.1924741 0.2883574 0.3402543 0.3542439 0.4345317 0.3542439 0.6501548 0.3319680 0.8271051 0.3010656 0.2703342 0.3124372 0.3808363 0.3916345 0.3125474 0.3289930 0.3728343 0.3287046 0.3673129 0.3325203 0.5958680 0.2847681 0.2720911 0.2802154 0.2747296 0.4026031 0.3512053 0.3660845 0.2981694 0.4163990 0.3352106 0.8273421 0.5177294 0.4369601 0.4727794 0.4727794 0.4727794 0.2965616 0.4413968 0.2803763 0.4996177 0.4325872 0.4802938 0.5865413 0.3902967 0.4949600 0.5934970 0.4902736 0.3296961 0.5550856 0.5416860 0.4734834 0.4082017 0.5584815 0.2760951 0.6377922 0.9584775 0.5334211 0.3782069 0.7277947 0.4026532 0.4497290 
ASV4085.114                               0.2758672 0.4790383 0.6235658 0.2930325 0.1728990 0.4535321 0.2963659 0.3438554 0.5019103 0.2221499 0.4209315 0.4947716 0.1924741 0.0000000 0.2929733 0.4718962 0.4389934 0.5424704 0.4694444 0.4073268 0.4458826 0.6006560 0.2804753 0.2155990 0.3162987 0.3338151 0.3585263 0.3305952 0.3207005 0.2885263 0.3418867 0.3282059 0.3613342 0.5606139 0.2882591 0.2026966 0.3404754 0.2045139 0.2610987 0.4225205 0.4459831 0.2979155 0.3284921 0.6110489 0.5978819 0.4818259 0.5298654 0.3154616 0.3154616 0.3154616 0.2133419 0.5503922 0.2114983 0.6456520 0.5030771 0.3972002 0.3133251 0.5862755 0.5527880 0.8026627 0.4821135 0.4943558 0.7214365 0.4284308 0.6401073 0.3134152 0.4154004 0.2224631 0.5623159 0.6311971 0.8361514 0.5480857 1.0773880 0.5354022 0.6493872 
ASV4588.92                                0.3009577 0.4040880 0.3806376 0.1094365 0.2205373 0.3917609 0.0833820 0.2634792 0.4611430 0.1311728 0.1775596 0.3983973 0.2883574 0.2929733 0.0000000 0.3917609 0.3776168 0.4074955 0.4071640 0.3459203 0.3680931 0.3648382 0.0110456 0.1036173 0.0318287 0.0318215 0.0186001 0.1257684 0.0125993 0.1219670 0.1154035 0.1844529 0.1963395 0.0653822 0.1663112 0.2598553 0.1907301 0.2598553 0.2525984 0.2529391 0.3267730 0.2337864 0.3316405 0.2476097 0.4125701 0.5310306 0.4136609 0.2968430 0.2968430 0.2968430 0.3515502 0.4272345 0.3304322 0.5534315 0.4029028 0.3947627 0.2702961 0.4189931 0.4574366 0.4073676 0.3785824 0.3249935 0.4921607 0.4320342 0.4730202 0.3887459 0.3242123 0.2337722 0.6245540 0.4598957 0.5930295 0.5469171 0.6358063 0.5430536 0.4383824 
ASV475.1669                               0.3962001 0.0303133 0.8199679 0.5319441 0.2590493 0.0046177 0.4265929 0.3115762 0.0464229 0.3957770 0.5043742 0.0046145 0.3402543 0.4718962 0.3917609 0.0000000 0.0046192 0.0717469 0.0046192 0.3993642 0.0046381 0.7885675 0.4061916 0.4367980 0.4252882 0.5269835 0.5002661 0.6416069 0.4950366 0.7062085 0.5207008 0.6474632 0.4765138 0.8816254 0.6496755 0.3063374 0.4633125 0.3092154 0.4753732 0.5537339 0.4941071 0.4113373 0.6376652 0.7442202 0.4666736 0.6789059 0.0299365 0.4710322 0.4710322 0.4710322 0.3656840 0.3586145 0.2981712 0.9613766 0.4318336 0.4246660 0.4917377 0.0759584 0.9401248 0.8973144 0.5668285 0.4144434 1.3783196 0.4784568 0.0269742 0.6654463 0.6782171 0.3732283 0.6266413 0.4773377 0.0529392 0.4801081 1.5093615 0.8317929 0.4940921 
ASV524.1546                               0.3962001 0.0251006 0.7885675 0.5146758 0.2590493 0.0093016 0.4113185 0.3149623 0.0519901 0.3810873 0.4882907 0.0093468 0.3542439 0.4389934 0.3776168 0.0046192 0.0000000 0.0717469 0.0093047 0.3993642 0.0093952 0.7589457 0.3917609 0.4217446 0.4087468 0.5072662 0.4813910 0.6215438 0.4764549 0.6792131 0.5207008 0.6746925 0.4567201 0.8361138 0.6274145 0.3063374 0.4430387 0.3092154 0.4592595 0.5355174 0.4779581 0.4113373 0.6129142 0.7161277 0.4512511 0.6217786 0.0247919 0.4530337 0.4530337 0.4530337 0.3479816 0.3439617 0.2825817 0.9161373 0.4484111 0.4246660 0.4754852 0.0830858 0.8979199 0.8973144 0.5459998 0.4199173 1.3151348 0.4609922 0.0214341 0.6401895 0.6644062 0.3557233 0.6040282 0.4960322 0.0593551 0.4618271 1.4191230 0.7967064 0.5028076 
ASV613.1286                               0.3735899 0.0601391 0.9208674 0.5569271 0.2489538 0.0778964 0.4520771 0.3007315 0.0809094 0.4560416 0.5139622 0.0784085 0.4345317 0.5424704 0.4074955 0.0717469 0.0717469 0.0000000 0.0657746 0.4266445 0.0789010 0.8837892 0.4223406 0.4538679 0.4439964 0.5505269 0.5224053 0.7531922 0.5168493 0.7413816 0.5012614 0.7468401 0.5375667 0.8439751 0.7205666 0.2940380 0.5255870 0.2967823 0.4235228 0.5651556 0.4858819 0.4553327 0.7318140 1.0514264 0.5024567 0.7315615 0.0592506 0.4132927 0.4132927 0.4132927 0.3343662 0.4154199 0.2702064 1.0469828 0.4257670 0.3982600 0.4646097 0.0998513 0.9731325 0.9872194 0.6320871 0.3793360 1.3187590 0.4268995 0.0589875 0.6524347 0.6903841 0.3959316 0.6839629 0.5403633 0.0984137 0.5192253 1.6261442 0.8734952 0.4680848 
ASV6380.63                                0.3962001 0.0356435 0.8199679 0.5146758 0.2590493 0.0093016 0.4113185 0.3149623 0.0410004 0.3810873 0.4882907 0.0093468 0.3542439 0.4694444 0.4071640 0.0046192 0.0093047 0.0657746 0.0000000 0.3993642 0.0093952 0.7885675 0.4219448 0.4533138 0.4434364 0.5490949 0.5212524 0.6642580 0.5157478 0.7371884 0.5002418 0.6234618 0.4567201 0.8361138 0.6748351 0.3063374 0.4430387 0.3092154 0.4592595 0.5355174 0.4779581 0.4113373 0.6657239 0.7768557 0.4512511 0.6217786 0.0351949 0.4530337 0.4530337 0.4530337 0.3479816 0.3745620 0.2825817 1.0154750 0.4166602 0.4246660 0.4754852 0.0759584 0.9903829 0.9343967 0.5459998 0.4199173 1.4529854 0.4609922 0.0326392 0.6401895 0.7154370 0.3557233 0.6040282 0.4960322 0.0593551 0.4618271 1.6155553 0.7967064 0.5028076 
ASV6702.56                                0.6655635 0.4331083 0.6278701 0.4186374 0.3972377 0.4151766 0.3798553 0.4141414 0.4456970 0.3340538 0.4296054 0.4101022 0.6501548 0.4073268 0.3459203 0.3993642 0.3993642 0.4266445 0.3993642 0.0000000 0.3993642 0.6043469 0.3459203 0.3480317 0.4830829 0.4479753 0.4323701 0.5276521 0.4571475 0.6019056 0.4447464 0.5577631 0.3133438 0.8442864 0.5148204 0.4953575 0.3303390 0.5015905 0.5081530 0.7626272 0.6582876 0.7646489 0.6043407 0.7765831 0.1244347 0.6429427 0.4258216 0.6211440 0.6211440 0.6211440 0.4011815 0.8014061 0.3230377 1.1096004 0.6953389 0.9458929 0.6784696 0.5806779 0.8499075 1.1480862 0.8502356 0.5218777 1.0030569 0.7193351 0.5319850 0.5190193 0.6086110 0.4422548 1.4447797 0.9936527 0.6873451 0.9624299 1.7912286 0.9561431 0.8501642 
ASV6707.39                                0.4220362 0.0360349 0.7683712 0.5015260 0.2433272 0.0093920 0.4005283 0.3115762 0.0525838 0.3711413 0.5354546 0.0093858 0.3319680 0.4458826 0.3680931 0.0046381 0.0093952 0.0789010 0.0093952 0.3993642 0.0000000 0.7392267 0.3818338 0.4109871 0.3971406 0.4924094 0.4672792 0.6065084 0.4950366 0.6597946 0.4847691 0.6055208 0.4613398 0.8087751 0.6107665 0.2862440 0.4479290 0.2888471 0.4473420 0.5216713 0.4815709 0.3843041 0.6185249 0.6966821 0.4399210 0.6369895 0.0355761 0.4398324 0.4398324 0.4398324 0.3367724 0.3651732 0.2741665 0.9793081 0.4058546 0.3935108 0.4633017 0.0842960 0.9573012 0.8467235 0.5301094 0.4144434 1.3944885 0.5123399 0.0330209 0.6214126 0.6376186 0.3444741 0.5870291 0.4479134 0.0601373 0.4899673 1.5311327 0.7744355 0.4940921 
ASV7634.105                               0.6640169 0.8286409 0.0049785 0.4007631 0.4166550 0.7589106 0.4536153 0.4898064 0.8504912 0.4874507 0.8736042 0.8088912 0.8271051 0.6006560 0.3648382 0.7885675 0.7589457 0.8837892 0.7885675 0.6043469 0.7392267 0.0000000 0.3806376 0.4089253 0.4912075 0.5721568 0.5329995 0.4355673 0.4942225 0.7495700 0.5691942 0.6568943 0.6800435 0.8263679 0.5729147 0.5334811 0.7792836 0.5410923 0.7882522 0.6144169 0.6568742 0.7249041 0.7892825 0.8631431 0.6703224 0.7336705 0.8734943 1.0781092 1.0781092 1.0781092 1.0644361 0.8282792 0.9952210 0.9306489 0.8094551 1.2534510 0.8733031 0.8662837 0.7657725 0.6257166 0.8615681 0.6535321 1.0017560 1.0846507 1.1711128 0.9644587 1.0445452 0.8359107 1.0852531 1.8263732 1.5367220 1.3412184 1.4306069 1.8407568 1.1684384 
ASV7836.42                                0.2880570 0.4188173 0.3967870 0.1092431 0.1997579 0.4061916 0.0832323 0.2752022 0.4775722 0.1225741 0.1772113 0.4130841 0.3010656 0.2804753 0.0110456 0.4061916 0.3917609 0.4223406 0.4219448 0.3459203 0.3818338 0.3806376 0.0000000 0.0890032 0.0317708 0.0187251 0.0060832 0.1255413 0.0062381 0.1217123 0.1151593 0.1840446 0.2073061 0.0652315 0.1864648 0.2345716 0.2017988 0.2345716 0.2642856 0.2645159 0.3129312 0.2467893 0.3472756 0.2609935 0.4278064 0.5110351 0.4287202 0.3110228 0.3110228 0.3110228 0.3697823 0.4259262 0.3479650 0.5057423 0.4184422 0.3935476 0.2921972 0.4534731 0.4184082 0.4255084 0.4126012 0.3396681 0.4906698 0.3942194 0.4917370 0.4067199 0.3527697 0.2480552 0.6785612 0.4979302 0.6172023 0.5450928 0.5653551 0.5172863 0.4619361 
ASV7890.47                                0.2717037 0.4176285 0.4252151 0.1524039 0.1594822 0.4367980 0.1819307 0.2994073 0.4990243 0.1680419 0.1943282 0.4598663 0.2703342 0.2155990 0.1036173 0.4367980 0.4217446 0.4538679 0.4533138 0.3480317 0.4109871 0.4089253 0.0890032 0.0000000 0.1243161 0.1084170 0.1101350 0.1630970 0.0927071 0.1370374 0.1611144 0.2305253 0.2097724 0.2003438 0.2243225 0.1857138 0.2156681 0.1873043 0.2496968 0.2325608 0.3162608 0.2194711 0.2950879 0.3287472 0.5153985 0.4783223 0.4653311 0.2928117 0.2928117 0.2928117 0.2909796 0.3895766 0.2762509 0.3724257 0.3765512 0.3354278 0.3396449 0.4723732 0.3370467 0.4095442 0.4054784 0.3700701 0.4785331 0.3502140 0.5381656 0.4247360 0.3091025 0.2669478 0.6113002 0.4871100 0.6784313 0.4574610 0.4277725 0.4318377 0.5115875 
Linnemannia_gamsii_CBS_749.68             0.3142028 0.4398821 0.5134797 0.1508489 0.2549366 0.4252882 0.0864783 0.3251600 0.5145482 0.1309542 0.1816166 0.4333566 0.3124372 0.3162987 0.0318287 0.4252882 0.4087468 0.4439964 0.4434364 0.4830829 0.3971406 0.4912075 0.0317708 0.1243161 0.0000000 0.0360841 0.0382652 0.0942573 0.0383748 0.0527218 0.0929291 0.1041557 0.0943109 0.0710109 0.1203464 0.2076992 0.0919019 0.1919400 0.2121707 0.2274022 0.2510900 0.1806933 0.1394419 0.1718999 0.4307357 0.2509793 0.2766509 0.2184717 0.2057188 0.2013221 0.2639188 0.2133210 0.2873036 0.3010590 0.2871739 0.2273945 0.2213460 0.2698281 0.3029116 0.1753087 0.2091239 0.2621663 0.3471670 0.2648565 0.2798114 0.2678088 0.2556345 0.2575767 0.2232684 0.2748108 0.2861289 0.3218482 0.2980477 0.2533652 0.2708706 
Linnemannia_schmuckeri_CBS_295.59         0.3147410 0.5454807 0.5979172 0.1430795 0.2208356 0.5269835 0.1105116 0.3592081 0.6306144 0.1505507 0.2257352 0.5368736 0.3808363 0.3338151 0.0318215 0.5269835 0.5072662 0.5505269 0.5490949 0.4479753 0.4924094 0.5721568 0.0187251 0.1084170 0.0360841 0.0000000 0.0104126 0.1039946 0.0362243 0.0524231 0.0900085 0.1031295 0.0896731 0.0682422 0.1340853 0.1922504 0.0904111 0.1831900 0.2152037 0.2179730 0.2362056 0.2027832 0.1487046 0.1791209 0.4133759 0.2627523 0.2984698 0.2311541 0.2169713 0.2090300 0.2376582 0.2259846 0.2545245 0.2878607 0.3008537 0.2421458 0.2433625 0.2842231 0.2586939 0.1695941 0.2121123 0.2680577 0.3135390 0.2577936 0.2976997 0.2506362 0.2615009 0.2463910 0.2499168 0.2961041 0.3125037 0.2929542 0.2840668 0.2581836 0.2772115 
Linnemannia_camargensis_CBS_221.58        0.3703520 0.5175902 0.5569333 0.1413460 0.2504703 0.5002661 0.1036760 0.3531468 0.5978294 0.1533791 0.2189052 0.5097576 0.3916345 0.3585263 0.0186001 0.5002661 0.4813910 0.5224053 0.5212524 0.4323701 0.4672792 0.5329995 0.0060832 0.1101350 0.0382652 0.0104126 0.0000000 0.1062455 0.0344445 0.0589484 0.0879483 0.1038077 0.0900980 0.0704558 0.1380414 0.2027501 0.0901334 0.1934771 0.2274485 0.2306264 0.2502235 0.2088433 0.1562631 0.1806089 0.4286316 0.2734298 0.2957251 0.2440334 0.2291873 0.2208350 0.2591286 0.2336600 0.2769288 0.2977260 0.3061317 0.2518533 0.2375936 0.2925063 0.2674594 0.1827936 0.2258147 0.2827785 0.3185190 0.2645891 0.2949783 0.2625898 0.2681785 0.2639745 0.2670657 0.3115925 0.3136656 0.3115245 0.2944926 0.2795757 0.2934731 
Linnemannia_hyalina_CBS_223.35            0.2778970 0.6481789 0.4526211 0.0158581 0.1852894 0.6416069 0.2027415 0.4105888 0.7012871 0.1690412 0.3314314 0.6715305 0.3125474 0.3305952 0.1257684 0.6416069 0.6215438 0.7531922 0.6642580 0.5276521 0.6065084 0.4355673 0.1255413 0.1630970 0.0942573 0.1039946 0.1062455 0.0000000 0.0852502 0.0898807 0.1046402 0.1102511 0.1312964 0.0926063 0.1497106 0.2315526 0.1193689 0.2197221 0.2211983 0.2531902 0.2516560 0.2312732 0.1657467 0.1743811 0.4815465 0.2800548 0.3218786 0.2444122 0.2314107 0.2292034 0.2539436 0.2542716 0.2548021 0.3357513 0.2980251 0.2476278 0.2344645 0.3069684 0.3383631 0.2435324 0.2765286 0.2946429 0.3707861 0.3234906 0.3501038 0.2814872 0.2760025 0.2678482 0.3040255 0.3414023 0.3480855 0.3488194 0.3604316 0.2974342 0.3062177 
Mortierella_rishikesha_CBS_652.68         0.3178714 0.5120861 0.5168176 0.1271138 0.2570225 0.4950366 0.0787413 0.3397288 0.5919979 0.1315848 0.1808275 0.5100937 0.3289930 0.3207005 0.0125993 0.4950366 0.4764549 0.5168493 0.5157478 0.4571475 0.4950366 0.4942225 0.0062381 0.0927071 0.0383748 0.0362243 0.0344445 0.0852502 0.0000000 0.0482988 0.0833387 0.0938129 0.0831813 0.0484680 0.1259819 0.2014531 0.0857022 0.1884749 0.2179051 0.2330967 0.2395920 0.1937085 0.1476475 0.1715800 0.4405104 0.2585990 0.3099374 0.2219419 0.2196792 0.2150237 0.2386771 0.2057653 0.2612403 0.2957347 0.3150852 0.2419218 0.2314794 0.3083132 0.2811906 0.1708527 0.2257029 0.2799296 0.3037423 0.2371440 0.3129315 0.2574639 0.2668750 0.2570147 0.2545267 0.3017191 0.3202858 0.2924037 0.2965891 0.2708347 0.2902877 
Linnemannia_sclerotiella_CBS_529.68       0.4294386 0.7039922 0.7860405 0.1602801 0.3357565 0.7062085 0.1579244 0.4121927 0.8432785 0.1917465 0.2335806 0.7453571 0.3728343 0.2885263 0.1219670 0.7062085 0.6792131 0.7413816 0.7371884 0.6019056 0.6597946 0.7495700 0.1217123 0.1370374 0.0527218 0.0524231 0.0589484 0.0898807 0.0482988 0.0000000 0.0741697 0.0848679 0.1026214 0.0613959 0.1202958 0.2082765 0.0929388 0.1986832 0.2323263 0.2492287 0.2818896 0.2050383 0.1382202 0.1743623 0.4724466 0.2618667 0.3359257 0.2352259 0.2284930 0.2201969 0.2459528 0.2283530 0.2644783 0.3361316 0.3349845 0.2669716 0.2310676 0.3068572 0.2968837 0.1962491 0.2290101 0.2832944 0.3466213 0.2660913 0.3289272 0.2734336 0.2756914 0.2394513 0.2565137 0.3088187 0.3362186 0.2856610 0.3285059 0.2775446 0.2756536 
Linnemannia_acrotona_CBS_386.71           0.3421715 0.5318077 0.5954158 0.1156596 0.2897814 0.5207008 0.0489096 0.2703025 0.5314984 0.1199227 0.1360294 0.5522366 0.3287046 0.3418867 0.1154035 0.5207008 0.5207008 0.5012614 0.5002418 0.4447464 0.4847691 0.5691942 0.1151593 0.1611144 0.0929291 0.0900085 0.0879483 0.1046402 0.0833387 0.0741697 0.0000000 0.0247886 0.1296590 0.0906802 0.1388490 0.2371005 0.1169841 0.2236691 0.2178605 0.2724015 0.2862086 0.2297698 0.1588892 0.1809447 0.4365898 0.2682477 0.3337104 0.2229368 0.2196555 0.2114763 0.2781694 0.2511333 0.2950179 0.3939495 0.3227222 0.2697827 0.2503326 0.3067988 0.3591368 0.2346367 0.2420489 0.2614057 0.3625795 0.2911874 0.3367325 0.2821338 0.2587517 0.3018792 0.2799011 0.3262145 0.3398988 0.3260274 0.4067321 0.3057122 0.2644949 
Linnemannia_zychae_CBS_316.52             0.4398790 0.8015285 0.6866228 0.1418591 0.3403397 0.6474632 0.0769066 0.3196963 0.7115770 0.1147840 0.1706119 0.6832235 0.3673129 0.3282059 0.1844529 0.6474632 0.6746925 0.7468401 0.6234618 0.5577631 0.6055208 0.6568943 0.1840446 0.2305253 0.1041557 0.1031295 0.1038077 0.1102511 0.0938129 0.0848679 0.0247886 0.0000000 0.1312970 0.1103625 0.1495935 0.2361722 0.1209635 0.2260802 0.2417001 0.2860278 0.2909967 0.2195003 0.1513532 0.1892296 0.4460376 0.2846865 0.3546309 0.2417272 0.2398931 0.2314445 0.2687661 0.2377781 0.2854599 0.3944008 0.3383251 0.2795177 0.2655303 0.3080964 0.3632282 0.2496006 0.2368569 0.2702115 0.3485056 0.3075121 0.3575056 0.2817519 0.2622572 0.2981681 0.2686930 0.3311694 0.3478430 0.3212376 0.4122173 0.3156269 0.2698278 
Mortierella_wuyishanensis_CBS_370.95      0.4051141 0.4670604 0.7121532 0.1700221 0.2829643 0.4765138 0.2455920 0.4013090 0.5460529 0.1976802 0.1539386 0.5228635 0.3325203 0.3613342 0.1963395 0.4765138 0.4567201 0.5375667 0.4567201 0.3133438 0.4613398 0.6800435 0.2073061 0.2097724 0.0943109 0.0896731 0.0900980 0.1312964 0.0831813 0.1026214 0.1296590 0.1312970 0.0000000 0.1126671 0.1545000 0.2215379 0.0172358 0.2108385 0.2131608 0.2514687 0.2351928 0.1957591 0.1278982 0.1973810 0.4571151 0.2739258 0.2913260 0.2292265 0.2158154 0.2077413 0.2478898 0.2649145 0.2829124 0.2951293 0.3407962 0.2469453 0.2044278 0.2562097 0.2838984 0.1872592 0.2583890 0.2927528 0.2625630 0.2909968 0.2873254 0.2239131 0.2803849 0.2777711 0.2722109 0.3205067 0.3060290 0.3168823 0.3069500 0.2962674 0.2999392 
Mortierella_histoplasmatoides_CBS_321.78  0.4393039 0.9397727 0.8766068 0.1382953 0.3686808 0.8816254 0.1669687 0.5715901 0.9885066 0.2638604 0.3141269 0.8930578 0.5958680 0.5606139 0.0653822 0.8816254 0.8361138 0.8439751 0.8361138 0.8442864 0.8087751 0.8263679 0.0652315 0.2003438 0.0710109 0.0682422 0.0704558 0.0926063 0.0484680 0.0613959 0.0906802 0.1103625 0.1126671 0.0000000 0.1389870 0.2322284 0.1181458 0.2213708 0.2404346 0.2674452 0.2722652 0.2492744 0.1859996 0.1857956 0.5102981 0.3146208 0.3844197 0.2565363 0.2384143 0.2289402 0.2688535 0.2378855 0.2941855 0.3781567 0.3944922 0.2419229 0.2854773 0.3465818 0.3418484 0.2156111 0.2218474 0.3348818 0.3580981 0.3089279 0.3777513 0.2963798 0.3149275 0.2890863 0.2718063 0.3429817 0.3731151 0.3203871 0.3587326 0.2997178 0.3068731 
Linnemannia_cogitans_CBS_879.97           0.4063321 0.7008891 0.5975125 0.2000549 0.2568950 0.6496755 0.2064386 0.3413704 0.7431646 0.1570326 0.3947708 0.6595215 0.2847681 0.2882591 0.1663112 0.6496755 0.6274145 0.7205666 0.6748351 0.5148204 0.6107665 0.5729147 0.1864648 0.2243225 0.1203464 0.1340853 0.1380414 0.1497106 0.1259819 0.1202958 0.1388490 0.1495935 0.1545000 0.1389870 0.0000000 0.2344544 0.1706777 0.2283643 0.2782650 0.3210047 0.3263398 0.2697556 0.2196448 0.2647728 0.5717155 0.3031385 0.4078114 0.3013610 0.2835739 0.2780098 0.2970278 0.3137677 0.3107189 0.4252573 0.3489422 0.2652351 0.2760792 0.3691463 0.3777784 0.2686768 0.3274462 0.3169100 0.4345622 0.3676740 0.4066228 0.2933365 0.3320969 0.3155858 0.3445354 0.3666674 0.4212306 0.3921291 0.4384041 0.3156676 0.3323797 
Mortierella_kuhlmanii_CBS_157.71          0.1120957 0.3120725 0.5579078 0.2300499 0.0000010 0.3063374 0.3367582 0.3459541 0.3468202 0.2453046 0.3906335 0.3142638 0.2720911 0.2026966 0.2598553 0.3063374 0.3063374 0.2940380 0.3063374 0.4953575 0.2862440 0.5334811 0.2345716 0.1857138 0.2076992 0.1922504 0.2027501 0.2315526 0.2014531 0.2082765 0.2371005 0.2361722 0.2215379 0.2322284 0.2344544 0.0000000 0.2071865 0.0084110 0.2074743 0.2060959 0.2102689 0.1959116 0.2126875 0.2709017 0.4421754 0.1984853 0.2294874 0.2002477 0.2002338 0.1990955 0.1425599 0.1404750 0.1536214 0.2371986 0.2469245 0.1247480 0.2390659 0.2026502 0.2519726 0.1965279 0.2093490 0.2705279 0.2705979 0.0801031 0.2281962 0.1991237 0.2635053 0.2097617 0.2022804 0.2423982 0.2449140 0.0961633 0.2455241 0.1735609 0.2876981 
Linnemannia_nantahalensis_CBS_610.70      0.3649584 0.4536776 0.8200939 0.1537991 0.2820188 0.4633125 0.2270643 0.3679229 0.5344132 0.1806373 0.1174979 0.5107690 0.2802154 0.3404754 0.1907301 0.4633125 0.4430387 0.5255870 0.4430387 0.3303390 0.4479290 0.7792836 0.2017988 0.2156681 0.0919019 0.0904111 0.0901334 0.1193689 0.0857022 0.0929388 0.1169841 0.1209635 0.0172358 0.1181458 0.1706777 0.2071865 0.0000000 0.1975476 0.2073194 0.2515926 0.2509739 0.1861070 0.1208056 0.1782074 0.4143811 0.2690541 0.2776055 0.2165265 0.2048760 0.1970375 0.2276922 0.2472628 0.2549505 0.3040101 0.3372796 0.2362522 0.1910243 0.2464186 0.2931614 0.1987581 0.2420707 0.2654047 0.2831569 0.2619988 0.2721384 0.2350026 0.2576202 0.2678983 0.2581961 0.3191914 0.2822437 0.2926981 0.3076258 0.2796785 0.2672317 
Mortierella_gemmifera_CBS_134.45          0.1128475 0.3150580 0.5660482 0.2320900 0.0000010 0.3092154 0.3367582 0.3525131 0.3468202 0.2453046 0.3947757 0.3172913 0.2747296 0.2045139 0.2598553 0.3092154 0.3092154 0.2967823 0.3092154 0.5015905 0.2888471 0.5410923 0.2345716 0.1873043 0.1919400 0.1831900 0.1934771 0.2197221 0.1884749 0.1986832 0.2236691 0.2260802 0.2108385 0.2213708 0.2283643 0.0084110 0.1975476 0.0000000 0.2019287 0.1932097 0.1967087 0.1849888 0.2062989 0.2588301 0.4476762 0.1880847 0.2130340 0.1907339 0.1947595 0.1936584 0.1316331 0.1444283 0.1489090 0.2277632 0.2322601 0.1094834 0.2265129 0.1938513 0.2423643 0.1800917 0.2074585 0.2695954 0.2516554 0.0830793 0.2118466 0.1933868 0.2632285 0.2013715 0.1966680 0.2369261 0.2345798 0.1019396 0.2386022 0.1646536 0.2860518 
Podila_humilis_CBS_222.35                 0.3203121 0.4276106 0.8196525 0.3197155 0.2373672 0.4931063 0.3044065 0.2656062 0.4035781 0.2183494 0.3466890 0.4871314 0.4026031 0.2610987 0.2525984 0.4753732 0.4592595 0.4235228 0.4592595 0.5081530 0.4473420 0.7882522 0.2642856 0.2496968 0.2121707 0.2152037 0.2274485 0.2211983 0.2179051 0.2323263 0.2178605 0.2417001 0.2131608 0.2404346 0.2782650 0.2074743 0.2073194 0.2019287 0.0000000 0.2761137 0.2865919 0.2013407 0.2224778 0.2265528 0.4745851 0.2507263 0.2934311 0.0363664 0.0210762 0.0229169 0.2732320 0.2246496 0.2669201 0.3556889 0.3259660 0.2749240 0.2053818 0.3113554 0.3746048 0.2520181 0.2608202 0.2924605 0.3683625 0.2860545 0.2998664 0.2777495 0.3314451 0.3082958 0.2754237 0.3178098 0.3235942 0.2972429 0.3944979 0.3536131 0.3082591 
Entomortierella_parvispora_CBS_311.52     0.3827888 0.5309766 0.6383833 0.3823247 0.2624768 0.5537339 0.3552689 0.3158328 0.6255174 0.3253420 0.5017252 0.5771903 0.3512053 0.4225205 0.2529391 0.5537339 0.5355174 0.5651556 0.5355174 0.7626272 0.5216713 0.6144169 0.2645159 0.2325608 0.2274022 0.2179730 0.2306264 0.2531902 0.2330967 0.2492287 0.2724015 0.2860278 0.2514687 0.2674452 0.3210047 0.2060959 0.2515926 0.1932097 0.2761137 0.0000000 0.0356820 0.2132076 0.3119529 0.2922392 0.5057326 0.2567630 0.2833424 0.2906135 0.2820170 0.2847085 0.2627058 0.2224516 0.2572883 0.2079442 0.3113772 0.2750164 0.2609054 0.2962645 0.2057838 0.1206123 0.2918158 0.2902404 0.2340169 0.3034546 0.2987211 0.3663807 0.2915950 0.2835159 0.3117039 0.3590579 0.3206124 0.3146457 0.2089263 0.2817878 0.2904138 
Entomortierella_basiparvispora_CBS_518.72 0.3846201 0.4961547 0.6827429 0.3753468 0.2506152 0.4941071 0.3721875 0.3293450 0.5624825 0.3553099 0.5785781 0.5326472 0.3660845 0.4459831 0.3267730 0.4941071 0.4779581 0.4858819 0.4779581 0.6582876 0.4815709 0.6568742 0.3129312 0.3162608 0.2510900 0.2362056 0.2502235 0.2516560 0.2395920 0.2818896 0.2862086 0.2909967 0.2351928 0.2722652 0.3263398 0.2102689 0.2509739 0.1967087 0.2865919 0.0356820 0.0000000 0.2386800 0.3154367 0.3138875 0.4990419 0.2969649 0.2688468 0.3073621 0.2983221 0.3013444 0.2702177 0.2370029 0.2645061 0.2416026 0.2594458 0.2926856 0.2847943 0.2834993 0.2441343 0.1443359 0.3059565 0.2939033 0.2608626 0.3161693 0.2853877 0.3778205 0.3161474 0.2935113 0.3149224 0.3593432 0.3147874 0.3464622 0.2597794 0.3133659 0.2933797 
Mortierella_microzygospora_CBS_880.97     0.3470671 0.4581346 0.7593225 0.3064772 0.2287886 0.3950774 0.2783346 0.3230304 0.5159850 0.2029561 0.3763827 0.4363624 0.2981694 0.2979155 0.2337864 0.4113373 0.4113373 0.4553327 0.4113373 0.7646489 0.3843041 0.7249041 0.2467893 0.2194711 0.1806933 0.2027832 0.2088433 0.2312732 0.1937085 0.2050383 0.2297698 0.2195003 0.1957591 0.2492744 0.2697556 0.1959116 0.1861070 0.1849888 0.2013407 0.2132076 0.2386800 0.0000000 0.2151984 0.2193362 0.4763968 0.2464067 0.2491631 0.1894074 0.1872038 0.1775145 0.2625103 0.2138022 0.2702618 0.2917662 0.2997209 0.3075340 0.2430246 0.2322213 0.3273593 0.1691909 0.2549591 0.2664045 0.3334595 0.2578945 0.2473864 0.3240142 0.2677647 0.2659612 0.2730228 0.2926835 0.2810856 0.2722473 0.2885867 0.2962658 0.2795028 
Mortierella_sarnyensis_CBS_122.72         0.4753336 0.6077233 0.8296418 0.3243496 0.2879520 0.6376652 0.3660168 0.5280091 0.7055988 0.2949019 0.4414525 0.6746993 0.4163990 0.3284921 0.3316405 0.6376652 0.6129142 0.7318140 0.6657239 0.6043407 0.6185249 0.7892825 0.3472756 0.2950879 0.1394419 0.1487046 0.1562631 0.1657467 0.1476475 0.1382202 0.1588892 0.1513532 0.1278982 0.1859996 0.2196448 0.2126875 0.1208056 0.2062989 0.2224778 0.3119529 0.3154367 0.2151984 0.0000000 0.2034430 0.5042798 0.2680057 0.2941547 0.2073770 0.2082861 0.2039195 0.2749124 0.2498026 0.3068023 0.3474194 0.3424536 0.2524971 0.2536594 0.2731075 0.3300399 0.2399311 0.2640918 0.2731586 0.3480529 0.2988727 0.3027247 0.2865872 0.2647030 0.3160548 0.2803996 0.3522870 0.3254016 0.2945045 0.3557785 0.3073666 0.2860550 
Mortierella_armillariicola_CBS_914.73     0.6549875 0.8298588 0.9037001 0.2615833 0.4188990 0.7765267 0.3440663 0.4424367 0.8980435 0.2413957 0.6375042 0.7843967 0.3352106 0.6110489 0.2476097 0.7442202 0.7161277 1.0514264 0.7768557 0.7765831 0.6966821 0.8631431 0.2609935 0.3287472 0.1718999 0.1791209 0.1806089 0.1743811 0.1715800 0.1743623 0.1809447 0.1892296 0.1973810 0.1857956 0.2647728 0.2709017 0.1782074 0.2588301 0.2265528 0.2922392 0.3138875 0.2193362 0.2034430 0.0000000 0.5426557 0.2849964 0.3807254 0.2236410 0.2143612 0.2188749 0.3110795 0.2567062 0.3314481 0.3539118 0.4186933 0.3578365 0.3314508 0.3552225 0.3662222 0.2649470 0.3336146 0.3228845 0.3740340 0.3733052 0.3707663 0.3312145 0.3573070 0.3390063 0.3430071 0.3977869 0.3912784 0.3813915 0.3452563 0.3705803 0.3177570 
Modicella_albostipitata_PDD_96330         0.6282524 0.4846948 0.6947124 0.4588255 0.4387780 0.4510575 0.4081841 0.4918563 0.4921344 0.4322126 0.4988110 0.4904851 0.8273421 0.5978819 0.4125701 0.4666736 0.4512511 0.5024567 0.4512511 0.1244347 0.4399210 0.6703224 0.4278064 0.5153985 0.4307357 0.4133759 0.4286316 0.4815465 0.4405104 0.4724466 0.4365898 0.4460376 0.4571151 0.5102981 0.5717155 0.4421754 0.4143811 0.4476762 0.4745851 0.5057326 0.4990419 0.4763968 0.5042798 0.5426557 0.0000000 0.4716837 0.4626518 0.4827586 0.4846864 0.4917246 0.5470815 0.5119429 0.5782121 0.5648659 0.5879472 0.6867912 0.6007812 0.4918261 0.5692150 0.5987797 0.5109111 0.4700835 0.6480075 0.5815216 0.4805588 0.6431429 0.4777402 0.6315259 0.5809249 0.6399353 0.5425586 0.6186460 0.6566837 0.7097033 0.4912104 
Dissophora_globulifera_CBS_858.70         0.5691370 0.7123847 0.7635536 0.5028078 0.3461293 0.6445450 0.5194469 0.4766321 0.6638794 0.4401825 0.7301543 0.7152396 0.5177294 0.4818259 0.5310306 0.6789059 0.6217786 0.7315615 0.6217786 0.6429427 0.6369895 0.7336705 0.5110351 0.4783223 0.2509793 0.2627523 0.2734298 0.2800548 0.2585990 0.2618667 0.2682477 0.2846865 0.2739258 0.3146208 0.3031385 0.1984853 0.2690541 0.1880847 0.2507263 0.2567630 0.2969649 0.2464067 0.2680057 0.2849964 0.4716837 0.0000000 0.3041486 0.2538887 0.2522064 0.2472928 0.2734990 0.2458840 0.2836659 0.3512132 0.3821128 0.3228500 0.2502614 0.2928934 0.3674302 0.2752529 0.2857215 0.3326329 0.3986146 0.3287934 0.3181252 0.3054536 0.3528589 0.3165683 0.2830157 0.3551661 0.3532308 0.3536621 0.3857295 0.2587725 0.3363845 
Mortierella_globalpina_CBS_360.70         0.4185109 0.0198796 0.9084771 0.6108748 0.2742638 0.0351834 0.4759583 0.3350645 0.0471277 0.4545052 0.5744054 0.0353771 0.4369601 0.5298654 0.4136609 0.0299365 0.0247919 0.0592506 0.0351949 0.4258216 0.0355761 0.8734943 0.4287202 0.4653311 0.2766509 0.2984698 0.2957251 0.3218786 0.3099374 0.3359257 0.3337104 0.3546309 0.2913260 0.3844197 0.4078114 0.2294874 0.2776055 0.2130340 0.2934311 0.2833424 0.2688468 0.2491631 0.2941547 0.3807254 0.4626518 0.3041486 0.0000000 0.2974366 0.2734595 0.2848302 0.3059579 0.2414849 0.3031035 0.3831699 0.3316076 0.2861382 0.3074752 0.0590390 0.4034849 0.2688012 0.3258326 0.2628913 0.4561525 0.3158037 0.0147411 0.3919633 0.2942615 0.3286925 0.3471888 0.2990723 0.0376339 0.3363210 0.3773194 0.3433628 0.2749969 
Podila_horticola_CBS_305.52               0.3491032 0.4179700 1.1328421 0.3779727 0.2501243 0.4908862 0.3607189 0.3203939 0.4253419 0.2849604 0.3696782 0.4842103 0.4727794 0.3154616 0.2968430 0.4710322 0.4530337 0.4132927 0.4530337 0.6211440 0.4398324 1.0781092 0.3110228 0.2928117 0.2184717 0.2311541 0.2440334 0.2444122 0.2219419 0.2352259 0.2229368 0.2417272 0.2292265 0.2565363 0.3013610 0.2002477 0.2165265 0.1907339 0.0363664 0.2906135 0.3073621 0.1894074 0.2073770 0.2236410 0.4827586 0.2538887 0.2974366 0.0000000 0.0192547 0.0247205 0.2816165 0.2143899 0.2752229 0.3770227 0.3791102 0.2849933 0.2079821 0.2907422 0.4014306 0.2555514 0.2916125 0.3038820 0.3935741 0.2694539 0.2881433 0.3103928 0.3329009 0.3354218 0.2934000 0.3312550 0.3174223 0.2916757 0.3916352 0.3378951 0.3165601 
Podila_epicladia_CBS_355.76               0.3491032 0.4179700 1.1328421 0.3779727 0.2501243 0.4908862 0.3607189 0.3203939 0.4253419 0.2849604 0.3696782 0.4842103 0.4727794 0.3154616 0.2968430 0.4710322 0.4530337 0.4132927 0.4530337 0.6211440 0.4398324 1.0781092 0.3110228 0.2928117 0.2057188 0.2169713 0.2291873 0.2314107 0.2196792 0.2284930 0.2196555 0.2398931 0.2158154 0.2384143 0.2835739 0.2002338 0.2048760 0.1947595 0.0210762 0.2820170 0.2983221 0.1872038 0.2082861 0.2143612 0.4846864 0.2522064 0.2734595 0.0192547 0.0000000 0.0085335 0.2701306 0.2106137 0.2638281 0.3542419 0.3551759 0.2698385 0.2128705 0.2789169 0.3730631 0.2478443 0.2633942 0.2868607 0.3746307 0.2676880 0.2649226 0.2921806 0.3038440 0.3126034 0.2679173 0.3106841 0.2879121 0.2839681 0.3613157 0.3252695 0.2977786 
Podila_clonocystis_CBS_357.76             0.3491032 0.4179700 1.1328421 0.3779727 0.2501243 0.4908862 0.3607189 0.3203939 0.4253419 0.2849604 0.3696782 0.4842103 0.4727794 0.3154616 0.2968430 0.4710322 0.4530337 0.4132927 0.4530337 0.6211440 0.4398324 1.0781092 0.3110228 0.2928117 0.2013221 0.2090300 0.2208350 0.2292034 0.2150237 0.2201969 0.2114763 0.2314445 0.2077413 0.2289402 0.2780098 0.1990955 0.1970375 0.1936584 0.0229169 0.2847085 0.3013444 0.1775145 0.2039195 0.2188749 0.4917246 0.2472928 0.2848302 0.0247205 0.0085335 0.0000000 0.2758542 0.2127346 0.2695503 0.3614307 0.3660216 0.2718322 0.2052261 0.2789482 0.3805981 0.2531411 0.2507394 0.2832161 0.3777030 0.2625463 0.2760003 0.2901922 0.3001772 0.3135352 0.2590740 0.3100535 0.2997890 0.2782756 0.3692358 0.3269690 0.3025495 
