79
ASV237.3307                  0.0000000 0.0206398 0.0252439 0.0000010 0.0207838 0.0081092 0.4913848 0.4913848 0.0248902 0.7181476 0.5079878 0.6969551 0.5079878 0.5004588 0.0252439 0.6969551 0.8183463 0.7759553 0.4502114 0.5379748 0.7015195 0.5079878 0.5408733 3.0542454 0.7368440 1.0712166 0.4496621 0.5206305 0.4919145 0.5082164 0.5072731 0.4420578 0.4081099 0.8129420 0.9967825 0.5942990 0.5194949 0.6188217 0.5146919 0.4425062 0.3756989 0.4613596 0.5885205 0.4278373 0.8506527 0.9694281 0.4468435 0.8153012 0.8163255 0.6644772 0.6221207 0.5594389 0.6665877 0.5746031 0.5091527 0.6473365 0.6192257 0.5105354 0.7101507 0.7437157 0.6909340 0.6511031 0.5805511 0.8887875 0.6739791 0.6246200 0.6815868 0.3801980 0.5956334 0.5245537 0.5770267 0.4551488 0.6354175 0.7565069 0.5895727 0.8858517 1.2202208 0.6265367 0.5761091 
ASV418.1989                  0.0206398 0.0000000 0.0122210 0.0206398 0.0039836 0.0250657 0.4896428 0.4896428 0.0039587 0.7353742 0.5062382 0.7138035 0.5062382 0.5109887 0.0122210 0.7138035 0.7994336 0.7586011 0.4599299 0.5108359 0.6866204 0.5062382 0.5391123 2.7712557 0.7344053 1.1026902 0.4479372 0.5315763 0.5021761 0.5188697 0.5055026 0.4535265 0.4262416 0.8906910 0.9699083 0.5925463 0.5327250 0.6168744 0.5129170 0.4520147 0.3741410 0.4596115 0.6027404 0.4261773 0.8721929 0.9389740 0.4525613 0.8861269 0.8891026 0.6627702 0.6202123 0.5575263 0.6646765 0.5726822 0.5072174 0.6454415 0.6343255 0.5220599 0.6888993 0.7418617 0.6998207 0.6672760 0.5941928 0.8638331 0.6545391 0.6063780 0.6620666 0.3786454 0.5932581 0.5225840 0.5907006 0.4649289 0.6334795 0.7778297 0.5590880 0.8473444 1.3746069 0.6246001 0.5472668 
ASV459.150                   0.0252439 0.0122210 0.0000000 0.0252439 0.0080622 0.0250961 0.5091957 0.5091957 0.0163772 0.7618357 0.5263068 0.7396015 0.5263068 0.5313816 0.0000010 0.7396015 0.8277487 0.7854482 0.4787051 0.5311687 0.7110138 0.5263068 0.5603184 3.0595282 0.7762166 1.1556707 0.4479372 0.5527235 0.5220645 0.5394861 0.5257874 0.4714977 0.4532931 0.8906910 1.0310756 0.6156287 0.5327250 0.6437442 0.5334618 0.4703607 0.3798523 0.4785901 0.6297016 0.4436828 0.9061275 0.9801078 0.4710757 0.9255481 0.9297926 0.6883390 0.6466939 0.5813685 0.6749953 0.5971798 0.5294791 0.6729881 0.6624037 0.5304096 0.7191820 0.7738122 0.7293141 0.6971031 0.6200711 0.8981900 0.6823246 0.6325058 0.6899606 0.3946994 0.6248673 0.5457498 0.6165471 0.4838175 0.6610415 0.7778297 0.5819257 0.8847780 1.4385384 0.6516723 0.5688924 
ASV2307.1807                 0.0000010 0.0206398 0.0252439 0.0000000 0.0207838 0.0079798 0.4913848 0.4750205 0.0248902 0.7181476 0.4909084 0.6969551 0.5079878 0.5004588 0.0251748 0.6969551 0.8183463 0.7759553 0.4354728 0.5193977 0.7015195 0.4909084 0.5222713 2.8113879 0.6956146 1.0116735 0.4348842 0.5029608 0.4756916 0.4911601 0.4900214 0.4281767 0.3885679 0.7622075 0.9262720 0.5730998 0.5027145 0.5938440 0.4970919 0.4282213 0.3640121 0.4460003 0.5649161 0.4141933 0.8148023 0.9213406 0.4321645 0.7780802 0.7782549 0.6397525 0.5974138 0.5384027 0.6388661 0.5526013 0.4902674 0.6211594 0.5938015 0.4920876 0.6791891 0.7114788 0.6625305 0.6238773 0.5579019 0.8498647 0.6462278 0.5994871 0.6535939 0.3684652 0.5672198 0.5046282 0.5542631 0.4402168 0.6094668 0.7236353 0.5676841 0.8428228 1.1520692 0.6011691 0.5556333 
ASV2759.143                  0.0207838 0.0039836 0.0080622 0.0207838 0.0000000 0.0206650 0.4896428 0.4896428 0.0080089 0.7353742 0.5062382 0.7138035 0.5062382 0.5109887 0.0080622 0.7138035 0.7994336 0.7586011 0.4599299 0.5108359 0.6866204 0.5062382 0.5391123 2.9110980 0.7344053 1.1026902 0.4479372 0.5315763 0.5021761 0.5188697 0.5055026 0.4535265 0.4262416 0.8906910 0.9699083 0.5925463 0.5327250 0.6168744 0.5129170 0.4520147 0.3741410 0.4596115 0.6027404 0.4261773 0.8721929 0.9389740 0.4525613 0.8861269 0.8891026 0.6627702 0.6202123 0.5575263 0.6646765 0.5726822 0.5072174 0.6454415 0.6343255 0.5220599 0.6888993 0.7418617 0.6998207 0.6672760 0.5941928 0.8638331 0.6545391 0.6063780 0.6620666 0.3786454 0.5932581 0.5225840 0.5907006 0.4649289 0.6334795 0.7778297 0.5590880 0.8473444 1.3746069 0.6246001 0.5472668 
ASV3022.26                   0.0081092 0.0250657 0.0250961 0.0079798 0.0206650 0.0000000 0.5034617 0.4865697 0.0293885 0.7348930 0.5027353 0.7131816 0.5203749 0.5127505 0.0250278 0.7131816 0.8379057 0.7941987 0.4464556 0.5318687 0.7176240 0.5027353 0.5347302 2.9507036 0.7201237 1.0447240 0.4459008 0.5150238 0.4871282 0.5029608 0.5019779 0.4386471 0.4041407 0.7916213 0.9656107 0.5598279 0.5141905 0.6095917 0.5091925 0.4389883 0.3739223 0.4572652 0.5800934 0.4247157 0.8355963 0.9485067 0.4431579 0.7997699 0.7570948 0.6549693 0.6129618 0.5522405 0.6558953 0.5669087 0.5033239 0.6373970 0.6098336 0.5048177 0.6978498 0.7306698 0.6797841 0.6407092 0.5725597 0.8722393 0.6632251 0.6152852 0.6706716 0.3783241 0.5853700 0.5181817 0.5690483 0.4512655 0.6256689 0.7431109 0.5817646 0.8675065 1.1890032 0.6170945 0.5689426 
ASV11884.4                   0.4913848 0.4896428 0.5091957 0.4913848 0.4896428 0.5034617 0.0000000 0.0000010 0.5017123 0.3986267 0.0042198 0.3986267 0.0042198 0.5009938 0.5091957 0.4085460 0.4165809 0.4125621 0.3908641 0.2926919 0.3661135 0.0042198 0.0128835 2.1562053 0.5587202 0.6207468 0.2654394 0.5195271 0.5323917 0.5072316 0.0217997 0.5617634 0.6415562 0.3311533 0.2990321 0.2889889 0.2892633 0.2280644 0.2921489 0.3830825 0.2678897 0.4213709 0.5524986 0.2289441 0.4511765 0.7152584 0.3794402 0.3920747 0.2782988 0.4060011 0.2888882 0.4758419 0.2725914 0.4034009 0.2694409 0.2908852 0.3740133 0.3784873 0.6346508 0.3501745 0.5153979 0.5914170 0.4906726 0.6852540 0.5876606 0.6070777 0.5073957 0.2530207 0.7129924 0.2716709 0.4058640 0.4280831 0.2439215 0.3772540 0.2429205 0.6770602 0.4853529 0.2344704 0.2207847 
ASV14055.2                   0.4913848 0.4896428 0.5091957 0.4750205 0.4896428 0.4865697 0.0000010 0.0000000 0.5017123 0.3986267 0.0079535 0.3986267 0.0042198 0.5009938 0.5050822 0.4085460 0.4165809 0.4125621 0.3578552 0.2701969 0.3661135 0.0039570 0.0120692 1.7995887 0.4713847 0.5261330 0.2412072 0.4595514 0.4707588 0.4491187 0.0204049 0.4960745 0.5320770 0.2854107 0.2619463 0.2636514 0.2638700 0.2072372 0.2646823 0.3430115 0.2433248 0.3761843 0.4813441 0.2101468 0.3986013 0.6163864 0.3405008 0.3493068 0.2498383 0.3664718 0.2623735 0.4200635 0.2457279 0.3569211 0.2444110 0.2626438 0.3314164 0.3364912 0.5484101 0.3139064 0.4541537 0.5128262 0.4313829 0.5902717 0.5102754 0.5265288 0.4448409 0.2297849 0.5954336 0.2462743 0.3583183 0.3825869 0.2209220 0.3391279 0.2213740 0.5828314 0.4238584 0.2124677 0.2023340 
ASV16426.14                  0.0248902 0.0039587 0.0163772 0.0248902 0.0080089 0.0293885 0.5017123 0.5017123 0.0000000 0.7525244 0.5186197 0.7304120 0.5186197 0.5235571 0.0163772 0.7304120 0.8181609 0.7761320 0.4715528 0.5233750 0.7021981 0.5186197 0.5522109 2.7712557 0.7344053 1.1403246 0.4594360 0.5446156 0.5144349 0.5315763 0.5180184 0.4646726 0.4262416 0.8906910 0.9699083 0.6069152 0.5450375 0.6336804 0.5255935 0.4633881 0.3843880 0.4713609 0.6195307 0.4370985 0.8951358 0.9672598 0.4640414 0.9128488 0.9166999 0.6789625 0.6367901 0.5722552 0.6829132 0.5878669 0.5209448 0.6627987 0.6519701 0.5358076 0.7082305 0.7625875 0.7186991 0.6861619 0.6102890 0.8869968 0.6721040 0.6226926 0.6797289 0.3888413 0.5932581 0.5368722 0.6067862 0.4766161 0.6507916 0.7997108 0.5732258 0.8724436 1.3746069 0.6415718 0.5606389 
ASV17684.25                  0.7181476 0.7353742 0.7618357 0.7181476 0.7353742 0.7348930 0.3986267 0.3986267 0.7525244 0.0000000 0.4121630 0.0040565 0.4121630 0.6403458 0.7618357 0.0081526 0.0824352 0.0671373 0.3671618 0.3828869 0.1461858 0.4121630 0.4386792 2.3859244 0.4986038 0.0103986 0.2855840 0.6931969 0.6409180 0.6768376 0.3572044 0.5548203 0.8176613 0.5769044 0.5276822 0.3834979 0.3319425 0.3783491 0.3783881 0.3303237 0.3605043 0.4438452 0.4755134 0.2747805 0.0000010 0.8768197 0.3234697 0.3854806 0.4210662 0.4365490 0.3854083 0.4031011 0.4126402 0.4342550 0.3072412 0.3942272 0.4223498 0.4793758 0.4998389 0.4296343 0.4579050 0.7924771 0.4322781 0.6461462 0.5528903 0.5395351 0.5571393 0.3412730 0.5265641 0.3192729 0.3717914 0.5192867 0.3384354 0.3599352 0.3330059 0.7680618 0.5467999 0.3974037 0.3006763 
ASV18950.0                   0.5079878 0.5062382 0.5263068 0.4909084 0.5062382 0.5027353 0.0042198 0.0079535 0.5186197 0.4121630 0.0000000 0.4121630 0.0000010 0.5179269 0.5219944 0.4222770 0.4303464 0.4262188 0.3790426 0.2864720 0.3788011 0.0039415 0.0120197 1.7838124 0.5067343 0.5619280 0.2576294 0.4849612 0.4964853 0.4741238 0.0289375 0.5226324 0.5726568 0.3116395 0.2848468 0.2797625 0.2800076 0.2230785 0.2820042 0.3638366 0.2598537 0.3981429 0.5102874 0.2244101 0.4229783 0.6513718 0.3608529 0.3710976 0.2684375 0.3861289 0.2792244 0.4450429 0.2635544 0.3801824 0.2611713 0.2804987 0.3538542 0.3584303 0.5808536 0.3339191 0.4801087 0.5435508 0.4573912 0.6244336 0.5405984 0.5574628 0.4716528 0.2461118 0.6366292 0.2631732 0.3820212 0.4044387 0.2375316 0.3590737 0.2369899 0.6170816 0.4508928 0.2288473 0.2167325 
ASV19090.18                  0.6969551 0.7138035 0.7396015 0.6969551 0.7138035 0.7131816 0.3986267 0.3986267 0.7304120 0.0040565 0.4121630 0.0000000 0.4121630 0.6203826 0.7396015 0.0040445 0.0878871 0.0723171 0.3800288 0.3828869 0.1393166 0.4121630 0.4386792 2.3859244 0.4986038 0.0103986 0.2855840 0.6717221 0.6211262 0.6559707 0.3572044 0.5729796 0.8176613 0.5769044 0.5276822 0.3834979 0.3440039 0.3783491 0.3917049 0.3425416 0.3738810 0.4595201 0.4933187 0.2747805 0.0043637 0.8472252 0.3353903 0.4004634 0.4370278 0.4227071 0.3854083 0.4181816 0.4126402 0.4192850 0.3072412 0.3942272 0.4273018 0.4634361 0.5185010 0.4456975 0.4742238 0.7651974 0.4482966 0.6247657 0.5728487 0.5208408 0.5382645 0.3545972 0.5265641 0.3192729 0.3864821 0.5029037 0.3384354 0.3737568 0.3330059 0.7418420 0.5535704 0.3974037 0.3006763 
ASV24213.3                   0.5079878 0.5062382 0.5263068 0.5079878 0.5062382 0.5203749 0.0042198 0.0042198 0.5186197 0.4121630 0.0000010 0.4121630 0.0000000 0.5179269 0.5263068 0.4222770 0.4303464 0.4262188 0.4043639 0.3027655 0.3788011 0.0000010 0.0085070 2.0606954 0.5835660 0.6465195 0.2756630 0.5367542 0.5498547 0.5241144 0.0263842 0.5798401 0.6713554 0.3488129 0.3141903 0.2990882 0.2993732 0.2378077 0.3030833 0.3966096 0.2782086 0.4358865 0.5725834 0.2376144 0.4675639 0.7397916 0.3926824 0.4065254 0.2900963 0.4189735 0.2995314 0.4927058 0.2838535 0.4188242 0.2799520 0.3022227 0.3888591 0.3929814 0.6573296 0.3632438 0.5333129 0.6128418 0.5083743 0.7095677 0.6088827 0.6288846 0.5258382 0.2631456 0.7433323 0.2822901 0.4215924 0.4425929 0.2542416 0.3903787 0.2525468 0.7010916 0.5041352 0.2446014 0.2295191 
ASV26055.0                   0.5004588 0.5109887 0.5313816 0.5004588 0.5109887 0.5127505 0.5009938 0.5009938 0.5235571 0.6403458 0.5179269 0.6203826 0.5179269 0.0000000 0.5313816 0.6203826 0.7023901 0.6801194 0.2589003 0.6242576 0.5407228 0.5179269 0.5516036 3.4238061 0.4169691 1.0402229 0.5682226 0.0087432 0.0365086 0.0043493 0.5351900 0.2746065 0.5463740 1.0619594 1.3672567 0.5755949 0.6368456 0.7690180 0.3778528 0.2852011 0.5682179 0.5450831 0.4931009 0.5590246 0.7597216 0.2177861 0.2709496 0.8206816 0.6725881 0.9365466 0.7422638 0.5529032 0.9345338 0.6862064 0.6799793 0.7179614 0.5174562 0.4875237 0.4143370 0.4989281 0.6986561 0.0095077 0.4835914 0.2577049 0.2883685 0.2687820 0.2391589 0.4470521 0.6748785 0.7233877 0.3693505 0.1449258 0.8006168 0.8811442 0.7086695 0.1634862 0.8706858 0.8511269 0.6682103 
ASV26915.37                  0.0252439 0.0122210 0.0000010 0.0251748 0.0080622 0.0250278 0.5091957 0.5050822 0.0163772 0.7618357 0.5219944 0.7396015 0.5263068 0.5313816 0.0000000 0.7396015 0.8277487 0.7854482 0.4749102 0.5267709 0.7110138 0.5219944 0.5555792 2.9956628 0.7650414 1.1391882 0.4444776 0.5480256 0.5178041 0.5349759 0.5214322 0.4679076 0.4480128 0.8757793 1.0126772 0.6101777 0.5285499 0.6372304 0.5290101 0.4666964 0.3771310 0.4747556 0.6232301 0.4403259 0.8964889 0.9680253 0.4673772 0.9142078 0.9180555 0.6819229 0.6402596 0.5759018 0.6680554 0.5914867 0.5246748 0.6661508 0.6554955 0.5257021 0.7114107 0.7653088 0.7216848 0.6895419 0.6139203 0.8884557 0.6753886 0.6262426 0.6829505 0.3918654 0.6173039 0.5406538 0.6104391 0.4799749 0.6542648 0.7693314 0.5767056 0.8742099 1.4172883 0.6450714 0.5640180 
ASV27487.4                   0.6969551 0.7138035 0.7396015 0.6969551 0.7138035 0.7131816 0.4085460 0.4085460 0.7304120 0.0081526 0.4222770 0.0040445 0.4222770 0.6203826 0.7396015 0.0000000 0.0929194 0.0771819 0.3800288 0.3920912 0.1453422 0.4222770 0.4492064 2.4672958 0.4986038 0.0156951 0.2944394 0.6717221 0.6211262 0.6559707 0.3666876 0.5729796 0.8176613 0.5967378 0.5456620 0.3928183 0.3529063 0.3887147 0.3917049 0.3425416 0.3836564 0.4595201 0.4933187 0.2828474 0.0087744 0.8472252 0.3353903 0.4113571 0.4485912 0.4328025 0.3956878 0.4181816 0.4238916 0.4192850 0.3164279 0.4047714 0.4273018 0.4634361 0.5185010 0.4456975 0.4742238 0.7651974 0.4482966 0.6407443 0.5876669 0.5344762 0.5520674 0.3643872 0.5265641 0.3288437 0.3864821 0.5029037 0.3484038 0.3838693 0.3421028 0.7418420 0.5681269 0.4081229 0.3093445 
ASV27616.4                   0.8183463 0.7994336 0.8277487 0.8183463 0.7994336 0.8379057 0.4165809 0.4165809 0.8181609 0.0824352 0.4303464 0.0878871 0.4303464 0.7023901 0.8277487 0.0929194 0.0000000 0.0204445 0.4055096 0.3795704 0.1349324 0.4303464 0.4573461 2.8743708 0.5846463 0.1163489 0.2981053 0.7605786 0.7024156 0.7420368 0.3939234 0.6008993 1.0449383 0.6034623 0.5554757 0.4050472 0.4195679 0.4061582 0.4053967 0.3763938 0.3865077 0.4718032 0.5445359 0.3201615 0.0897599 0.8933021 0.3595850 0.4368968 0.4985456 0.4960673 0.3918374 0.4697925 0.4198414 0.5075445 0.3403471 0.4186172 0.5530280 0.5237094 0.5266956 0.4459842 0.6047187 0.8804806 0.4940866 0.6970135 0.6465738 0.6482283 0.6031812 0.4157898 0.5424885 0.3638615 0.4155408 0.5910635 0.3859058 0.4388818 0.3395044 0.8770781 0.5831306 0.4082609 0.2944659 
ASV28786.3                   0.7759553 0.7586011 0.7854482 0.7759553 0.7586011 0.7941987 0.4125621 0.4125621 0.7761320 0.0671373 0.4262188 0.0723171 0.4262188 0.6801194 0.7854482 0.0771819 0.0204445 0.0000000 0.3922477 0.3582711 0.1225938 0.4262188 0.4530156 2.5756271 0.5420305 0.1015683 0.3095964 0.7364400 0.6803454 0.7186753 0.3900781 0.5562378 0.9586617 0.5905048 0.5303435 0.3825761 0.3964920 0.4019388 0.3731833 0.3636963 0.3672583 0.4560508 0.4861218 0.3171717 0.0729271 0.8630818 0.3473446 0.4319345 0.4802613 0.4697728 0.3878062 0.4423185 0.4153449 0.4662635 0.3368359 0.3931523 0.4947616 0.4816788 0.5079705 0.4082824 0.5568997 0.8489829 0.4418857 0.6572997 0.6087170 0.6099409 0.5683777 0.3813821 0.5203544 0.3600274 0.4003478 0.5724730 0.3818496 0.4127748 0.3361741 0.7994167 0.6041372 0.3829642 0.3000845 
ASV29522.0                   0.4502114 0.4599299 0.4787051 0.4354728 0.4599299 0.4464556 0.3908641 0.3578552 0.4715528 0.3671618 0.3790426 0.3800288 0.4043639 0.2589003 0.4749102 0.3800288 0.4055096 0.3922477 0.0000000 0.4818635 0.3425916 0.3699277 0.3935204 1.9932270 0.0517074 0.4946795 0.3298301 0.2598254 0.2699404 0.2524672 0.3579035 0.4069112 0.2798039 0.8562782 0.6843602 0.4871742 0.3332507 0.5168710 0.2493511 0.0475023 0.2842274 0.2786874 0.3321636 0.3814994 0.3744760 0.4236755 0.0287729 0.3900701 0.3428920 0.5286160 0.4467926 0.2838910 0.5206475 0.3354155 0.4613349 0.5297074 0.2114016 0.2725622 0.0533866 0.2426144 0.3439919 0.2759476 0.3304875 0.5598017 0.4120982 0.4512844 0.4720138 0.3236372 0.1788735 0.4664649 0.0459993 0.3019637 0.5552933 0.3590437 0.4704161 0.3559603 0.5867314 0.5030407 0.4548296 
ASV30148.23                  0.5379748 0.5108359 0.5311687 0.5193977 0.5108359 0.5318687 0.2926919 0.2701969 0.5233750 0.3828869 0.2864720 0.3828869 0.3027655 0.6242576 0.5267709 0.3920912 0.3795704 0.3582711 0.4818635 0.0000000 0.3062239 0.2792763 0.2971658 1.8720466 0.6792984 0.4651599 0.3098383 0.5944516 0.5912733 0.5812542 0.2702287 0.5945840 0.6690839 0.3261449 0.2085816 0.0897093 0.2180104 0.1877775 0.3152864 0.4832496 0.3801581 0.3566240 0.4109943 0.1000259 0.3879101 0.8529280 0.4783450 0.2960074 0.3210804 0.1769229 0.0879128 0.4382649 0.2011468 0.6201564 0.1211866 0.0812370 0.4354866 0.4785599 0.6975748 0.3539544 0.5197346 0.6805211 0.4452966 0.5901957 0.5323402 0.5280778 0.4849120 0.3416228 0.5886048 0.1164262 0.4943306 0.5573385 0.2145138 0.2440023 0.2009693 0.6375754 0.3377476 0.1568907 0.1600603 
ASV30273.3                   0.7015195 0.6866204 0.7110138 0.7015195 0.6866204 0.7176240 0.3661135 0.3661135 0.7021981 0.1461858 0.3788011 0.1393166 0.3788011 0.5407228 0.7110138 0.1453422 0.1349324 0.1225938 0.3425916 0.3062239 0.0000000 0.3788011 0.4036475 2.5208871 0.4667947 0.1875157 0.3348444 0.5650500 0.5683934 0.5518011 0.3540968 0.5783680 0.8498642 0.5791037 0.5230967 0.3148321 0.3486469 0.4029788 0.3821770 0.3417844 0.3590483 0.3622511 0.4689578 0.2730780 0.1621706 0.8395283 0.3303099 0.3695158 0.4450706 0.3836771 0.3029695 0.4290507 0.3906029 0.4150537 0.2960882 0.3215834 0.4576252 0.4243373 0.4672454 0.3863779 0.5003815 0.6333066 0.4355654 0.7262623 0.5098344 0.5149363 0.5884823 0.3594223 0.4035778 0.3076107 0.3859395 0.5032255 0.3822173 0.3439704 0.3119773 0.7499802 0.4930837 0.3504640 0.2853693 
ASV31174.1                   0.5079878 0.5062382 0.5263068 0.4909084 0.5062382 0.5027353 0.0042198 0.0039570 0.5186197 0.4121630 0.0039415 0.4121630 0.0000010 0.5179269 0.5219944 0.4222770 0.4303464 0.4262188 0.3699277 0.2792763 0.3788011 0.0000000 0.0079738 1.6980900 0.4867804 0.5412526 0.2490217 0.4707136 0.4819983 0.4601619 0.0246179 0.5075300 0.5491327 0.2977112 0.2727476 0.2712790 0.2715107 0.2148193 0.2728787 0.3526451 0.2511846 0.3862061 0.4938969 0.2169774 0.4096131 0.6305110 0.3499195 0.3593428 0.2586628 0.3754705 0.2703474 0.4312414 0.2541923 0.3676111 0.2523745 0.2710904 0.3418148 0.3466423 0.5619960 0.3232356 0.4655627 0.5259344 0.4429542 0.6042356 0.5232245 0.5396182 0.4566831 0.2375712 0.6121674 0.2542996 0.3692066 0.3925296 0.2288508 0.3483476 0.2288327 0.5969055 0.4359005 0.2202989 0.2092380 
ASV31965.0                   0.5408733 0.5391123 0.5603184 0.5222713 0.5391123 0.5347302 0.0128835 0.0120692 0.5522109 0.4386792 0.0120197 0.4386792 0.0085070 0.5516036 0.5555792 0.4492064 0.4573461 0.4530156 0.3935204 0.2971658 0.4036475 0.0079738 0.0000000 1.6895235 0.5161058 0.5714615 0.2682437 0.5028201 0.5145949 0.4916528 0.0334673 0.5413828 0.5834594 0.3174216 0.2896027 0.2903050 0.2905644 0.2331279 0.2933613 0.3779540 0.2705597 0.4132454 0.5307890 0.2334344 0.4398984 0.6762759 0.3746575 0.3860079 0.2805722 0.3996429 0.2902761 0.4624707 0.2751596 0.3961051 0.2720547 0.2922230 0.3691081 0.3733662 0.5894200 0.3474179 0.4984447 0.5653842 0.4756099 0.6488724 0.5621716 0.5795361 0.4905341 0.2565973 0.6473718 0.2741631 0.3982489 0.4195195 0.2481706 0.3726697 0.2469680 0.6414814 0.4699303 0.2392824 0.2258000 
Mortierella_globalpina       3.0542454 2.7712557 3.0595282 2.8113879 2.9110980 2.9507036 2.1562053 1.7995887 2.7712557 2.3859244 1.7838124 2.3859244 2.0606954 3.4238061 2.9956628 2.4672958 2.8743708 2.5756271 1.9932270 1.8720466 2.5208871 1.6980900 1.6895235 0.0000000 1.1808205 1.4031666 1.2204678 1.2836157 1.3207424 1.3034252 1.2801026 1.6771151 1.4554967 1.5438984 1.5014370 1.2236822 1.3644954 1.7223640 1.3911695 1.1148709 1.2110352 1.3634241 1.7465633 1.1774812 1.6070841 1.8165892 1.3891254 1.5772111 1.5169247 1.6604644 1.5471236 1.4453530 1.8424915 1.8439487 1.6811388 1.6680459 1.7118842 1.6344860 1.6152162 1.6805749 1.8390475 1.7940189 1.7477877 2.0206939 1.9204367 1.9649435 1.5673596 1.4166722 1.5348276 1.5076322 1.4418231 1.6590898 1.7558840 1.9259113 1.6601097 1.7601639 1.8359271 1.7274611 1.3625109 
Exophiala_Nigra__KHK9_       0.7368440 0.7344053 0.7762166 0.6956146 0.7344053 0.7201237 0.5587202 0.4713847 0.7344053 0.4986038 0.5067343 0.4986038 0.5835660 0.4169691 0.7650414 0.4986038 0.5846463 0.5420305 0.0517074 0.6792984 0.4667947 0.4867804 0.5161058 1.1808205 0.0000000 0.2223303 0.1797195 0.1767928 0.2030452 0.1744443 0.2233839 0.3237764 0.1725573 0.2852735 0.2352003 0.2593356 0.2418195 0.2403151 0.1528149 0.0334238 0.2358863 0.1805954 0.2727327 0.2194302 0.2383485 0.2679441 0.0393863 0.2590829 0.2558386 0.2164088 0.2263616 0.2035731 0.2296477 0.2151999 0.2389372 0.2579799 0.1647849 0.2080993 0.0624188 0.1612098 0.3048954 0.1906497 0.2659928 0.2973014 0.2669117 0.2784730 0.2390834 0.2721913 0.1699019 0.2241489 0.0253902 0.2540667 0.2315756 0.2937381 0.2367743 0.2293993 0.3411405 0.2344512 0.2226760 
Exophiala_Nrusticola__KHK47_ 1.0712166 1.1026902 1.1556707 1.0116735 1.1026902 1.0447240 0.6207468 0.5261330 1.1403246 0.0103986 0.5619280 0.0103986 0.6465195 1.0402229 1.1391882 0.0156951 0.1163489 0.1015683 0.4946795 0.4651599 0.1875157 0.5412526 0.5714615 1.4031666 0.2223303 0.0000000 0.1849714 0.3291742 0.3014921 0.3216416 0.2385548 0.3630877 0.3126092 0.2709981 0.2431688 0.2518096 0.2372716 0.2435244 0.2482797 0.2385596 0.2715813 0.2674029 0.3434192 0.2040568 0.0057949 0.3664085 0.2455244 0.2587452 0.2744163 0.2085584 0.2299175 0.2766801 0.2418265 0.2892369 0.2279080 0.2567744 0.2352176 0.2744605 0.2754854 0.2962304 0.3433991 0.3679518 0.3325928 0.3673920 0.3431473 0.3323390 0.2993331 0.2670694 0.2618223 0.2087900 0.2372473 0.3294539 0.2151534 0.2714700 0.2200694 0.3424339 0.3580543 0.2393790 0.2064994 
Exophiala_siamensis          0.4496621 0.4479372 0.4479372 0.4348842 0.4479372 0.4459008 0.2654394 0.2412072 0.4594360 0.2855840 0.2576294 0.2855840 0.2756630 0.5682226 0.4444776 0.2944394 0.2981053 0.3095964 0.3298301 0.3098383 0.3348444 0.2490217 0.2682437 1.2204678 0.1797195 0.1849714 0.0000000 0.2452543 0.2617322 0.2605158 0.1600118 0.2984884 0.2301280 0.1533007 0.2183794 0.1671777 0.1953041 0.2084874 0.1422292 0.1712489 0.1821810 0.1482662 0.2458326 0.1559652 0.1871258 0.3468806 0.2340826 0.2223674 0.2122157 0.2629831 0.1749046 0.1989607 0.2143486 0.2153004 0.1924167 0.2047450 0.1879636 0.2110856 0.2428872 0.1688732 0.3288509 0.2999254 0.2432134 0.3074220 0.2999755 0.2847666 0.2447322 0.2447927 0.1946071 0.1777923 0.1908250 0.2513388 0.2064808 0.2431315 0.2126501 0.3305714 0.3026874 0.1829432 0.1715676 
Exophiala_saxicola           0.5206305 0.5315763 0.5527235 0.5029608 0.5315763 0.5150238 0.5195271 0.4595514 0.5446156 0.6931969 0.4849612 0.6717221 0.5367542 0.0087432 0.5480256 0.6717221 0.7605786 0.7364400 0.2598254 0.5944516 0.5650500 0.4707136 0.5028201 1.2836157 0.1767928 0.3291742 0.2452543 0.0000000 0.0420651 0.0048885 0.2856331 0.2253409 0.2113699 0.3570135 0.3597247 0.2784668 0.3026672 0.3557639 0.2171997 0.1512151 0.2677802 0.2620808 0.2835329 0.2705456 0.3492754 0.1442765 0.1843362 0.3439208 0.2952575 0.3733518 0.3121431 0.2489379 0.3653731 0.3307720 0.3289636 0.3394975 0.2732306 0.2499951 0.2299478 0.2691341 0.3392048 0.0074755 0.2864039 0.1642156 0.1761766 0.1715446 0.1409587 0.2504883 0.2964057 0.3123632 0.1906318 0.1250600 0.3379412 0.3981326 0.3239709 0.1277638 0.4698215 0.3500827 0.3035575 
Exophiala_lapidea            0.4919145 0.5021761 0.5220645 0.4756916 0.5021761 0.4871282 0.5323917 0.4707588 0.5144349 0.6409180 0.4964853 0.6211262 0.5498547 0.0365086 0.5178041 0.6211262 0.7024156 0.6803454 0.2699404 0.5912733 0.5683934 0.4819983 0.5145949 1.3207424 0.2030452 0.3014921 0.2617322 0.0420651 0.0000000 0.0402276 0.3059539 0.2362873 0.2117163 0.3509403 0.3861715 0.2982683 0.3102643 0.3825139 0.2515683 0.1746642 0.2968438 0.3022595 0.3100496 0.2924206 0.3326733 0.1702478 0.2218450 0.3387053 0.2947413 0.3900270 0.3356629 0.2767670 0.3901073 0.3705429 0.3485996 0.3694148 0.2824136 0.2740630 0.2734328 0.3000737 0.3806463 0.0441534 0.3146660 0.1851542 0.1935487 0.1853581 0.1678055 0.2971663 0.3336636 0.3302479 0.2186902 0.1477280 0.3630366 0.4063293 0.3533664 0.1469636 0.4815645 0.3743711 0.3295738 
Exophiala_lamphunensis       0.5082164 0.5188697 0.5394861 0.4911601 0.5188697 0.5029608 0.5072316 0.4491187 0.5315763 0.6768376 0.4741238 0.6559707 0.5241144 0.0043493 0.5349759 0.6559707 0.7420368 0.7186753 0.2524672 0.5812542 0.5518011 0.4601619 0.4916528 1.3034252 0.1744443 0.3216416 0.2605158 0.0048885 0.0402276 0.0000000 0.2792765 0.2198191 0.2123275 0.3490967 0.3567502 0.2800460 0.3093926 0.3490096 0.2179329 0.1488483 0.2687343 0.2588730 0.2774345 0.2715300 0.3425795 0.1472416 0.2047555 0.3405104 0.2920049 0.4077963 0.3053118 0.2460002 0.3587051 0.3283146 0.3224363 0.3369551 0.2707647 0.2544776 0.2340472 0.2702230 0.3367910 0.0093834 0.2802444 0.1618856 0.1738531 0.1692002 0.1410604 0.2719791 0.2937240 0.3063274 0.1884294 0.1228163 0.3315090 0.3956205 0.3178652 0.1306486 0.4669438 0.3434413 0.3004128 
Exophiala_eucalyptigena      0.5072731 0.5055026 0.5257874 0.4900214 0.5055026 0.5019779 0.0217997 0.0204049 0.5180184 0.3572044 0.0289375 0.3572044 0.0263842 0.5351900 0.5214322 0.3666876 0.3939234 0.3900781 0.3579035 0.2702287 0.3540968 0.0246179 0.0334673 1.2801026 0.2233839 0.2385548 0.1600118 0.2856331 0.3059539 0.2792765 0.0000000 0.3464480 0.2589918 0.1401341 0.1048689 0.1316754 0.1861299 0.0984486 0.2023829 0.2130996 0.2183088 0.2556042 0.3112018 0.1001066 0.2445579 0.3552465 0.2317920 0.2149256 0.1801789 0.1374567 0.1183938 0.2608847 0.1267321 0.2612060 0.1152108 0.1378592 0.2094881 0.2615184 0.2863446 0.2274756 0.3599469 0.3276484 0.3058923 0.3453954 0.3209701 0.3096207 0.2711742 0.2184655 0.3011175 0.1058104 0.2122920 0.2823456 0.0999899 0.2300937 0.1076007 0.3686157 0.3639442 0.1174760 0.0981724 
Exophiala_spartinae          0.4420578 0.4535265 0.4714977 0.4281767 0.4535265 0.4386471 0.5617634 0.4960745 0.4646726 0.5548203 0.5226324 0.5729796 0.5798401 0.2746065 0.4679076 0.5729796 0.6008993 0.5562378 0.4069112 0.5945840 0.5783680 0.5075300 0.5413828 1.6771151 0.3237764 0.3630877 0.2984884 0.2253409 0.2362873 0.2198191 0.3464480 0.0000000 0.2966213 0.4378447 0.4744491 0.3878155 0.3952410 0.4366784 0.3028327 0.2969953 0.2901757 0.3194541 0.3435627 0.3623184 0.3845435 0.1903238 0.3375294 0.3861902 0.3353124 0.4159655 0.3461036 0.2717255 0.4184485 0.4184527 0.3917654 0.4367718 0.3687916 0.3695569 0.3505281 0.3596590 0.4918198 0.2330593 0.3315685 0.1925376 0.1615885 0.1628267 0.1407989 0.3230605 0.3373600 0.3752762 0.3103813 0.2608447 0.4131794 0.4778000 0.4008720 0.1932596 0.6106418 0.4214309 0.3517155 
Exophiala_ellipsoidea        0.4081099 0.4262416 0.4532931 0.3885679 0.4262416 0.4041407 0.6415562 0.5320770 0.4262416 0.8176613 0.5726568 0.8176613 0.6713554 0.5463740 0.4480128 0.8176613 1.0449383 0.9586617 0.2798039 0.6690839 0.8498642 0.5491327 0.5834594 1.4554967 0.1725573 0.3126092 0.2301280 0.2113699 0.2117163 0.2123275 0.2589918 0.2966213 0.0000000 0.2831919 0.2507598 0.2785325 0.2483655 0.2508425 0.2010563 0.1589045 0.2399944 0.2005729 0.2515943 0.2420597 0.3033496 0.2622274 0.1551215 0.2804263 0.2597080 0.2491329 0.2545635 0.2061580 0.2732656 0.2569848 0.2462106 0.2361359 0.2079564 0.2337271 0.1693119 0.2031476 0.3400645 0.2040530 0.2382314 0.2184734 0.2156088 0.2161381 0.2084037 0.2284189 0.2033548 0.2462106 0.1706538 0.2259466 0.2534853 0.2673574 0.2409808 0.2490090 0.3985503 0.2647163 0.2434611 
Exophiala_nagquensis         0.8129420 0.8906910 0.8906910 0.7622075 0.8906910 0.7916213 0.3311533 0.2854107 0.8906910 0.5769044 0.3116395 0.5769044 0.3488129 1.0619594 0.8757793 0.5967378 0.6034623 0.5905048 0.8562782 0.3261449 0.5791037 0.2977112 0.3174216 1.5438984 0.2852735 0.2709981 0.1533007 0.3570135 0.3509403 0.3490967 0.1401341 0.4378447 0.2831919 0.0000000 0.1457539 0.1429349 0.2155348 0.1422366 0.2183316 0.2899221 0.2932150 0.2587822 0.2827776 0.1306890 0.2625745 0.5036572 0.3057561 0.2329246 0.2041642 0.1355433 0.1438669 0.3011893 0.1514357 0.2748114 0.1255125 0.1462047 0.2514329 0.2604995 0.3066989 0.2124177 0.4058100 0.3476808 0.2838959 0.3814279 0.3880213 0.3415964 0.3295421 0.2532056 0.3003346 0.1306890 0.2912642 0.3876086 0.1530596 0.2161295 0.1507531 0.4015101 0.2878819 0.1239561 0.1357328 
Exophiala_clavispora         0.9967825 0.9699083 1.0310756 0.9262720 0.9699083 0.9656107 0.2990321 0.2619463 0.9699083 0.5276822 0.2848468 0.5276822 0.3141903 1.3672567 1.0126772 0.5456620 0.5554757 0.5303435 0.6843602 0.2085816 0.5230967 0.2727476 0.2896027 1.5014370 0.2352003 0.2431688 0.2183794 0.3597247 0.3861715 0.3567502 0.1048689 0.4744491 0.2507598 0.1457539 0.0000000 0.1083987 0.2192948 0.0063380 0.2138063 0.2673698 0.3103159 0.2588355 0.2905492 0.0752976 0.2431688 0.4303682 0.2584646 0.2342894 0.2612163 0.0804908 0.0861942 0.3006063 0.0531125 0.2912231 0.0835690 0.0967977 0.2334576 0.2776144 0.2608514 0.2013775 0.4044357 0.3504757 0.2955498 0.3602636 0.3186572 0.3007528 0.2887187 0.2523932 0.3069752 0.0726849 0.2352354 0.3813022 0.0128629 0.2313941 0.0152486 0.3628972 0.3045994 0.0562116 0.0365309 
Exophiala_prostantherae      0.5942990 0.5925463 0.6156287 0.5730998 0.5925463 0.5598279 0.2889889 0.2636514 0.6069152 0.3834979 0.2797625 0.3834979 0.2990882 0.5755949 0.6101777 0.3928183 0.4050472 0.3825761 0.4871742 0.0897093 0.3148321 0.2712790 0.2903050 1.2236822 0.2593356 0.2518096 0.1671777 0.2784668 0.2982683 0.2800460 0.1316754 0.3878155 0.2785325 0.1429349 0.1083987 0.0000000 0.1881822 0.1068313 0.2072169 0.2459560 0.2624570 0.2492781 0.2972229 0.0504505 0.2666435 0.4078985 0.2985534 0.2120956 0.2047995 0.1082273 0.0561995 0.2594900 0.1395282 0.3378419 0.0577250 0.0301778 0.2625270 0.3158225 0.3393027 0.2272224 0.3643540 0.3352214 0.3027968 0.3659286 0.3471523 0.3256591 0.2905094 0.2755203 0.3200352 0.0584250 0.2738629 0.2883468 0.1105537 0.2244277 0.1156443 0.3737208 0.3419379 0.0941915 0.0941932 
Exophiala_mali               0.5194949 0.5327250 0.5327250 0.5027145 0.5327250 0.5141905 0.2892633 0.2638700 0.5450375 0.3319425 0.2800076 0.3440039 0.2993732 0.6368456 0.5285499 0.3529063 0.4195679 0.3964920 0.3332507 0.2180104 0.3486469 0.2715107 0.2905644 1.3644954 0.2418195 0.2372716 0.1953041 0.3026672 0.3102643 0.3093926 0.1861299 0.3952410 0.2483655 0.2155348 0.2192948 0.1881822 0.0000000 0.2049182 0.1997117 0.2071415 0.2017822 0.2210771 0.3311384 0.1672176 0.2473692 0.3980911 0.2939317 0.0992864 0.1052660 0.2501866 0.1733745 0.2187518 0.1838125 0.3360194 0.2015474 0.2004348 0.2437110 0.3061742 0.3002386 0.2559382 0.3705212 0.3761777 0.3045158 0.4202176 0.3776342 0.3603242 0.3211832 0.2524096 0.2572517 0.1842950 0.2472061 0.3207312 0.1953916 0.0303882 0.2102523 0.3948395 0.3931244 0.2292700 0.1589239 
Exophiala_embothrii          0.6188217 0.6168744 0.6437442 0.5938440 0.6168744 0.6095917 0.2280644 0.2072372 0.6336804 0.3783491 0.2230785 0.3783491 0.2378077 0.7690180 0.6372304 0.3887147 0.4061582 0.4019388 0.5168710 0.1877775 0.4029788 0.2148193 0.2331279 1.7223640 0.2403151 0.2435244 0.2084874 0.3557639 0.3825139 0.3490096 0.0984486 0.4366784 0.2508425 0.1422366 0.0063380 0.1068313 0.2049182 0.0000000 0.2254758 0.2655060 0.2859701 0.3025260 0.3032492 0.0752435 0.2359757 0.4114689 0.2657303 0.2334101 0.2561198 0.0844838 0.0874833 0.3112759 0.0516840 0.2991793 0.0800730 0.0942592 0.2419871 0.2897642 0.3063845 0.2292176 0.4143338 0.3478021 0.3142631 0.3591414 0.3240095 0.3110717 0.2950285 0.2433529 0.3277374 0.0712409 0.2323021 0.3706462 0.0110261 0.2225562 0.0187625 0.4005036 0.3132954 0.0542078 0.0416091 
Exophiala_quercina           0.5146919 0.5129170 0.5334618 0.4970919 0.5129170 0.5091925 0.2921489 0.2646823 0.5255935 0.3783881 0.2820042 0.3917049 0.3030833 0.3778528 0.5290101 0.3917049 0.4053967 0.3731833 0.2493511 0.3152864 0.3821770 0.2728787 0.2933613 1.3911695 0.1528149 0.2482797 0.1422292 0.2171997 0.2515683 0.2179329 0.2023829 0.3028327 0.2010563 0.2183316 0.2138063 0.2072169 0.1997117 0.2254758 0.0000000 0.1416526 0.1921083 0.1203873 0.2376194 0.2049485 0.2596358 0.2638887 0.1675833 0.2476969 0.2426244 0.2501822 0.2190827 0.1771644 0.2287832 0.2296408 0.2394407 0.2307256 0.1806021 0.2246140 0.1996238 0.0499300 0.2567151 0.2517220 0.2383380 0.2599750 0.2768820 0.2600712 0.2350267 0.2213681 0.2118892 0.2245711 0.1652064 0.2547578 0.2093728 0.2514101 0.2280444 0.2695947 0.3136547 0.2179261 0.1768818 
Exophiala_bergeri            0.4425062 0.4520147 0.4703607 0.4282213 0.4520147 0.4389883 0.3830825 0.3430115 0.4633881 0.3303237 0.3638366 0.3425416 0.3966096 0.2852011 0.4666964 0.3425416 0.3763938 0.3636963 0.0475023 0.4832496 0.3417844 0.3526451 0.3779540 1.1148709 0.0334238 0.2385596 0.1712489 0.1512151 0.1746642 0.1488483 0.2130996 0.2969953 0.1589045 0.2899221 0.2673698 0.2459560 0.2071415 0.2655060 0.1416526 0.0000000 0.2005645 0.1427244 0.2505960 0.2148264 0.2281321 0.2448702 0.0562569 0.2323748 0.2136268 0.2922205 0.2439080 0.1735632 0.2523612 0.2123641 0.2440818 0.2758518 0.1664058 0.2039570 0.0767261 0.1444845 0.2798538 0.1714792 0.2314780 0.2763984 0.2608498 0.2669730 0.2236198 0.2418526 0.1774878 0.2396430 0.0468994 0.2027636 0.2472942 0.2610437 0.2572552 0.2297506 0.3758944 0.2503458 0.2244730 
Exophiala_lignicola          0.3756989 0.3741410 0.3798523 0.3640121 0.3741410 0.3739223 0.2678897 0.2433248 0.3843880 0.3605043 0.2598537 0.3738810 0.2782086 0.5682179 0.3771310 0.3836564 0.3865077 0.3672583 0.2842274 0.3801581 0.3590483 0.2511846 0.2705597 1.2110352 0.2358863 0.2715813 0.1821810 0.2677802 0.2968438 0.2687343 0.2183088 0.2901757 0.2399944 0.2932150 0.3103159 0.2624570 0.2017822 0.2859701 0.1921083 0.2005645 0.0000000 0.2063303 0.2812821 0.2152589 0.2703716 0.3077129 0.2200015 0.2172523 0.2129131 0.2822054 0.2596002 0.2240190 0.2746564 0.2580983 0.2593509 0.2873267 0.2361790 0.2343213 0.2612218 0.2249551 0.3516525 0.3035219 0.2525997 0.2867254 0.2827860 0.2664906 0.2703695 0.1263427 0.2886326 0.2411553 0.2269700 0.2533071 0.2778459 0.2383124 0.2574101 0.3001491 0.4199114 0.2774309 0.2454959 
Exophiala_abietophila        0.4613596 0.4596115 0.4785901 0.4460003 0.4596115 0.4572652 0.4213709 0.3761843 0.4713609 0.4438452 0.3981429 0.4595201 0.4358865 0.5450831 0.4747556 0.4595201 0.4718032 0.4560508 0.2786874 0.3566240 0.3622511 0.3862061 0.4132454 1.3634241 0.1805954 0.2674029 0.1482662 0.2620808 0.3022595 0.2588730 0.2556042 0.3194541 0.2005729 0.2587822 0.2588355 0.2492781 0.2210771 0.3025260 0.1203873 0.1427244 0.2063303 0.0000000 0.2443817 0.2561885 0.2710047 0.3277555 0.1634424 0.2320384 0.2129421 0.2971122 0.2791908 0.1536611 0.3015965 0.2399387 0.2978115 0.2771129 0.2162062 0.2653928 0.2044478 0.1186681 0.2958351 0.2986409 0.2241047 0.3060220 0.3173448 0.2866267 0.2771961 0.2420200 0.2144798 0.2739439 0.1867806 0.2839927 0.2799088 0.2432874 0.2938808 0.3212863 0.3328008 0.2860259 0.2363134 
Exophiala_nidicola           0.5885205 0.6027404 0.6297016 0.5649161 0.6027404 0.5800934 0.5524986 0.4813441 0.6195307 0.4755134 0.5102874 0.4933187 0.5725834 0.4931009 0.6232301 0.4933187 0.5445359 0.4861218 0.3321636 0.4109943 0.4689578 0.4938969 0.5307890 1.7465633 0.2727327 0.3434192 0.2458326 0.2835329 0.3100496 0.2774345 0.3112018 0.3435627 0.2515943 0.2827776 0.2905492 0.2972229 0.3311384 0.3032492 0.2376194 0.2505960 0.2812821 0.2443817 0.0000000 0.2799475 0.3203579 0.3542847 0.2474431 0.3235713 0.2721390 0.2947799 0.2797057 0.1230342 0.3435602 0.2933716 0.2774255 0.2991934 0.2588146 0.2774865 0.2636770 0.2638762 0.3178518 0.2977734 0.0464576 0.3853307 0.3421583 0.3478521 0.3665496 0.2226353 0.2942340 0.2799475 0.2450095 0.3376782 0.3087545 0.3479887 0.3024283 0.3625987 0.3565920 0.3452436 0.3280547 
Exophiala_tremulae           0.4278373 0.4261773 0.4436828 0.4141933 0.4261773 0.4247157 0.2289441 0.2101468 0.4370985 0.2747805 0.2244101 0.2747805 0.2376144 0.5590246 0.4403259 0.2828474 0.3201615 0.3171717 0.3814994 0.1000259 0.2730780 0.2169774 0.2334344 1.1774812 0.2194302 0.2040568 0.1559652 0.2705456 0.2924206 0.2715300 0.1001066 0.3623184 0.2420597 0.1306890 0.0752976 0.0504505 0.1672176 0.0752435 0.2049485 0.2148264 0.2152589 0.2561885 0.2799475 0.0000000 0.2141648 0.3488849 0.2280311 0.1806000 0.1896850 0.0597050 0.0484873 0.2455401 0.1028440 0.2919747 0.0108316 0.0554631 0.2473610 0.2757185 0.2856318 0.2313517 0.3769951 0.3213620 0.2679034 0.3450170 0.3139628 0.2889016 0.2730925 0.2170083 0.2776090 0.0068213 0.2290534 0.2843020 0.0795415 0.2030338 0.0826515 0.3290770 0.3304808 0.0781675 0.0707142 
Exophiala_crusticola         0.8506527 0.8721929 0.9061275 0.8148023 0.8721929 0.8355963 0.4511765 0.3986013 0.8951358 0.0000010 0.4229783 0.0043637 0.4675639 0.7597216 0.8964889 0.0087744 0.0897599 0.0729271 0.3744760 0.3879101 0.1621706 0.4096131 0.4398984 1.6070841 0.2383485 0.0057949 0.1871258 0.3492754 0.3326733 0.3425795 0.2445579 0.3845435 0.3033496 0.2625745 0.2431688 0.2666435 0.2473692 0.2359757 0.2596358 0.2281321 0.2703716 0.2710047 0.3203579 0.2141648 0.0000000 0.3707680 0.2237220 0.2611055 0.2700694 0.2262468 0.2419263 0.2716976 0.2344585 0.2581867 0.2130696 0.2367361 0.2116969 0.2536971 0.2666135 0.2661256 0.3091070 0.3443298 0.2979554 0.3365412 0.3089484 0.3046856 0.3150773 0.2466946 0.2539787 0.2160617 0.2361856 0.3454779 0.2158702 0.2473915 0.2180886 0.3467018 0.3386712 0.2283800 0.2220944 
Exophiala_hongkongensis      0.9694281 0.9389740 0.9801078 0.9213406 0.9389740 0.9485067 0.7152584 0.6163864 0.9672598 0.8768197 0.6513718 0.8472252 0.7397916 0.2177861 0.9680253 0.8472252 0.8933021 0.8630818 0.4236755 0.8529280 0.8395283 0.6305110 0.6762759 1.8165892 0.2679441 0.3664085 0.3468806 0.1442765 0.1702478 0.1472416 0.3552465 0.1903238 0.2622274 0.5036572 0.4303682 0.4078985 0.3980911 0.4114689 0.2638887 0.2448702 0.3077129 0.3277555 0.3542847 0.3488849 0.3707680 0.0000000 0.2585884 0.4166957 0.3772982 0.3684411 0.3616045 0.2985887 0.4032771 0.4208593 0.3932444 0.4064985 0.2757961 0.3288232 0.3108097 0.2914522 0.4268457 0.1478429 0.3296785 0.1625266 0.1834575 0.1712826 0.1505329 0.3087892 0.3652962 0.3658426 0.2723890 0.1810333 0.3926006 0.4625075 0.3617795 0.0567695 0.5803830 0.4219229 0.3522211 
Exophiala_capensis           0.4468435 0.4525613 0.4710757 0.4321645 0.4525613 0.4431579 0.3794402 0.3405008 0.4640414 0.3234697 0.3608529 0.3353903 0.3926824 0.2709496 0.4673772 0.3353903 0.3595850 0.3473446 0.0287729 0.4783450 0.3303099 0.3499195 0.3746575 1.3891254 0.0393863 0.2455244 0.2340826 0.1843362 0.2218450 0.2047555 0.2317920 0.3375294 0.1551215 0.3057561 0.2584646 0.2985534 0.2939317 0.2657303 0.1675833 0.0562569 0.2200015 0.1634424 0.2474431 0.2280311 0.2237220 0.2585884 0.0000000 0.2681995 0.2605020 0.3217381 0.2472222 0.1908509 0.2577432 0.2114568 0.2454194 0.2600580 0.1590838 0.1989457 0.0436463 0.1664202 0.2564054 0.1738616 0.2364816 0.2792003 0.2529725 0.2657639 0.2581484 0.3221416 0.1761707 0.2371739 0.0525947 0.2515495 0.2587442 0.2788703 0.2470083 0.2245406 0.3889470 0.2541563 0.2449524 
Exophiala_mesophila          0.8153012 0.8861269 0.9255481 0.7780802 0.8861269 0.7997699 0.3920747 0.3493068 0.9128488 0.3854806 0.3710976 0.4004634 0.4065254 0.8206816 0.9142078 0.4113571 0.4368968 0.4319345 0.3900701 0.2960074 0.3695158 0.3593428 0.3860079 1.5772111 0.2590829 0.2587452 0.2223674 0.3439208 0.3387053 0.3405104 0.2149256 0.3861902 0.2804263 0.2329246 0.2342894 0.2120956 0.0992864 0.2334101 0.2476969 0.2323748 0.2172523 0.2320384 0.3235713 0.1806000 0.2611055 0.4166957 0.2681995 0.0000000 0.0448034 0.1760449 0.1860413 0.2122523 0.2334323 0.3114228 0.1997475 0.2325354 0.2616762 0.2623467 0.3097404 0.2628989 0.3875300 0.3895821 0.3101523 0.4568222 0.3747815 0.3888068 0.3495800 0.2378153 0.3067972 0.1887249 0.2438441 0.3660861 0.2327615 0.1036110 0.2406926 0.3663538 0.3696471 0.2350047 0.1763531 
