76
JDC1       0.0000000 0.0077829 0.0019134 0.0019652 0.1494995 0.9162159 0.0221974 0.0019757 0.0095026 0.0133804 0.0096150 0.3268804 0.0133548 0.2029074 0.7988877 0.7754218 0.7765478 0.7589903 0.7823473 0.8011599 0.7795905 0.7786584 0.7734798 1.1999715 1.1688236 0.7372159 0.7166196 0.7372159 0.7182016 0.7217660 0.0096348 3.8128775 2.9160386 3.5571158 3.2108507 2.9226603 3.6594533 3.1495217 3.1360842 3.1360842 3.1360842 3.2133004 3.1670362 3.2669274 3.9969908 4.1956710 3.2288003 3.2220761 3.2669274 3.2150506 3.2678995 3.2643775 3.2311878 3.1360842 2.9349937 3.6040349 3.7458820 3.6040349 3.6661193 3.1161050 3.7261302 3.5076779 3.0799349 3.4996568 3.5650915 3.5200710 3.7241305 3.2957375 3.6403853 3.2374853 3.0881264 3.8466424 3.5609481 3.2880136 3.7066233 3.6423042 
JDC2       0.0077829 0.0000000 0.0000010 0.0000010 0.1509221 0.9478052 0.0221974 0.0039752 0.0019348 0.0097572 0.0097088 0.3214906 0.0097381 0.2058550 0.8101090 0.8101090 0.8237731 0.7930048 0.7981005 0.8016460 0.7967621 0.8324338 0.8096297 1.1808415 1.1500106 0.7357570 0.7483706 0.7446939 0.7498860 0.7444487 0.0039240 3.8014837 2.9127930 3.5752170 3.3850797 2.8944610 3.5724778 3.1539526 3.2754955 3.2754955 3.2754955 3.3865665 3.3355141 3.4290088 4.2746892 4.4161804 3.4035917 3.3696012 3.4290088 3.3703304 3.4266404 3.4238489 3.3811812 3.2754955 2.9968067 3.7297391 3.8659160 3.7077250 3.8374076 3.2527436 3.6818718 3.4865850 3.2162777 3.4722543 3.6663901 3.4933291 3.8659160 3.5727395 3.9892666 3.2761554 3.1317222 3.6544463 3.5742267 3.7078103 3.6336151 3.7483441 
JDC3       0.0019134 0.0000010 0.0000000 0.0000010 0.1440624 0.9055045 0.0189763 0.0039745 0.0000010 0.0077261 0.0000010 0.3172742 0.0077261 0.2005292 0.7810994 0.7575722 0.7785559 0.7605333 0.7714015 0.7880432 0.7666980 0.7607756 0.7769393 1.1650265 1.1500106 0.7069948 0.7100944 0.7069948 0.7116982 0.7098980 0.0097403 3.4856437 2.8221340 3.4512996 3.2159450 2.8054584 3.4137867 3.0575969 3.1673529 3.1673529 3.1673529 3.2183882 3.2491083 3.3026853 3.9848041 3.9652384 3.2340346 3.2273559 3.3026853 3.2495141 3.3029600 3.2995970 3.2484514 3.1673529 2.9028778 3.2813581 3.4137867 3.2813581 3.3358338 3.1468191 3.3921378 3.3279718 3.1106789 3.3156984 3.2452154 3.3156984 3.4137867 3.4388374 3.8229079 3.1878902 3.0394861 3.4932387 3.3804898 3.5219666 3.4137867 3.3156984 
JDC4       0.0019652 0.0000010 0.0000010 0.0000000 0.1512570 0.9520879 0.0221974 0.0039818 0.0000010 0.0019691 0.0000010 0.3214906 0.0019652 0.2040419 0.7968812 0.7968812 0.7968812 0.7968812 0.8000638 0.8000638 0.8000638 0.7968812 0.7968812 1.1923558 1.1500106 0.7536393 0.7513926 0.7536393 0.7529016 0.7569021 0.0039448 3.5120287 2.9158337 3.5388992 3.3424174 2.9158337 3.5337481 3.1214449 3.2405131 3.2405131 3.2405131 3.3442043 3.2935752 3.3901102 4.1294895 4.3116798 3.3610862 3.3273872 3.3901102 3.3324300 3.3885689 3.3855529 3.3395443 3.2405131 2.9628466 3.4564671 3.5337481 3.4564671 3.5802507 3.2181988 3.5802507 3.4951214 3.1813440 3.4951214 3.4168309 3.4951214 3.5337481 3.5384222 3.9450938 3.2411672 3.0972855 3.5199248 3.5654884 3.6280335 3.5337481 3.4951214 
JDC5       0.1494995 0.1509221 0.1440624 0.1512570 0.0000000 0.9820912 0.2821522 0.1567530 0.1471018 0.1562937 0.1493475 0.5564091 0.1586720 0.3613211 0.8739689 0.8470712 0.8697919 0.8586516 0.8509588 0.8697919 0.8509588 0.8509588 0.8777387 1.4964741 1.3911560 0.7761860 0.7761860 0.7761860 0.7761860 0.7761860 0.1629827 3.4237779 2.6713182 3.4645039 2.9135664 2.6713182 3.3138285 3.3659351 3.4107670 3.3380124 3.3380124 2.9135664 2.9480332 3.2362441 4.1054588 3.9472123 2.9135664 2.9674861 3.2362441 3.1690625 3.1986629 3.1986629 2.9029265 3.3380124 2.9955854 3.3824055 3.3138285 3.4571312 3.5190828 3.3144059 3.5323386 3.7299771 3.3593534 3.7299771 3.6479635 3.7299771 3.3863800 3.4295755 3.8472811 3.1266134 2.9610998 3.4307345 3.4568585 3.5127802 3.3138285 3.7299771 
JDC6       0.9162159 0.9478052 0.9055045 0.9520879 0.9820912 0.0000000 0.6933510 0.9549294 0.9052565 0.9468679 0.9302434 1.3257177 0.9381247 0.7792880 0.5399617 0.5238774 0.5367393 0.5289998 0.5256432 0.5367393 0.5256432 0.5256432 0.5401931 0.7795975 0.8013172 0.5228401 0.5228401 0.5228401 0.5228401 0.5228401 0.9495771 3.4425557 3.2118880 4.4415160 4.2612067 3.2118880 3.3314573 3.7936893 3.6084173 3.5339911 3.5339911 4.2496005 3.5086390 3.6152825 4.4221633 4.0760731 4.2496005 4.3784810 3.6152825 3.6210496 3.7000266 3.6679421 3.5914281 3.5339911 3.7547818 3.2020343 3.3314573 3.2710894 3.4146672 3.4772189 3.4282565 3.4346205 3.4241131 3.4346205 3.4941046 3.4346205 3.4043631 3.7834134 3.6696224 4.1339858 4.3022972 3.4496760 3.1616537 3.8793146 3.3314573 3.4346205 
JDC7       0.0221974 0.0221974 0.0189763 0.0221974 0.2821522 0.6933510 0.0000000 0.0221974 0.0221974 0.0189763 0.0221974 0.3046725 0.0221974 0.1153509 0.5771139 0.5771139 0.5771139 0.5771139 0.5771139 0.5771139 0.5771139 0.5771139 0.5771139 1.1779413 1.0749642 0.5463764 0.5463764 0.5463764 0.5463764 0.5463764 0.0221974 2.9247687 2.9918947 3.1106493 2.8802005 2.9918947 2.9247687 2.8807079 2.7023770 2.7023770 2.7023770 2.8320566 3.1957180 3.1029335 3.3115485 3.7395778 2.8320566 2.8320566 3.1029335 3.0347811 3.0833189 3.0833189 2.9544694 2.7023770 3.2767337 2.7208567 2.9247687 2.7208567 2.8054684 2.6465274 2.8054684 2.7127870 2.6136014 2.7127870 2.6913583 2.7127870 2.9247687 3.0383871 3.1863157 2.8908413 2.8074616 2.9247687 2.8509916 3.1558501 2.9247687 2.7127870 
JDC8       0.0019757 0.0039752 0.0039745 0.0039818 0.1567530 0.9549294 0.0221974 0.0000000 0.0039666 0.0019796 0.0039666 0.3318433 0.0019757 0.2096209 0.7835566 0.7835566 0.7835566 0.7835566 0.7835566 0.7835566 0.7835566 0.7835566 0.7835566 1.2123178 1.1271565 0.7421253 0.7421253 0.7421253 0.7421253 0.7421253 0.0039661 3.5598961 3.0407073 3.5813088 3.2597629 3.0407073 3.5740802 3.1815200 3.1403049 3.1403049 3.1403049 3.2458212 3.2406876 3.3078119 4.0628511 4.1269589 3.2458212 3.2458212 3.3078119 3.2530836 3.2771012 3.3045637 3.2805492 3.1403049 2.9324669 3.4628556 3.5740802 3.4628556 3.6049631 3.1196232 3.6049631 3.5191381 3.1104532 3.5191381 3.5016077 3.5191381 3.5740802 3.4744722 3.8744102 3.2579504 3.2059701 3.5683085 3.5720895 3.5624168 3.5740802 3.5191381 
JDC9       0.0095026 0.0019348 0.0000010 0.0000010 0.1471018 0.9052565 0.0221974 0.0039666 0.0000000 0.0076042 0.0000010 0.3214906 0.0075897 0.2004632 0.8150411 0.7911835 0.8014857 0.7714736 0.7661669 0.7938754 0.7632016 0.7945103 0.7951051 1.1808415 1.1500106 0.6993075 0.7144322 0.6993075 0.7160190 0.7132554 0.0096250 3.5104045 2.8376920 3.4668499 3.2676192 2.8451692 3.3841985 3.0721071 3.1826862 3.1826862 3.1826862 3.2697772 3.2224077 3.3194494 3.9606209 4.0871500 3.2855998 3.3019351 3.3194494 3.2659485 3.3193911 3.3161219 3.2664460 3.1826862 2.9182340 3.3424792 3.4752369 3.3424792 3.4171228 3.1619927 3.4533882 3.3751985 3.1260721 3.3690767 3.3065528 3.3887012 3.4551752 3.4111913 3.8414347 3.2217606 3.0725328 3.5394319 3.4293648 3.4990760 3.4386131 3.3769826 
JDC10      0.0133804 0.0097572 0.0077261 0.0019691 0.1562937 0.9468679 0.0189763 0.0019796 0.0076042 0.0000000 0.0076321 0.3226349 0.0000010 0.2141346 0.8270831 0.8367877 0.8175232 0.8057692 0.7975243 0.7901959 0.7949541 0.8393678 0.8062486 1.1650265 1.1500106 0.7258096 0.7366297 0.7173425 0.7381528 0.7348360 0.0019075 3.5032893 2.9310709 3.5781877 3.1984805 2.9375707 3.4678207 3.1658459 3.1527661 3.1527661 3.1527661 3.2010140 3.2315148 3.2865165 3.9298969 3.9616116 3.2165941 3.2095786 3.2865165 3.2337493 3.2871108 3.2836635 3.2915673 3.1527661 2.9498316 3.4112754 3.5101783 3.3757470 3.4315897 3.1324139 3.4946809 3.4601204 3.0961147 3.4527332 3.3395169 3.4730548 3.4899321 3.3784197 3.8039935 3.2557913 3.1047898 3.5394319 3.5141885 3.4660249 3.5246227 3.4107124 
JDC11      0.0096150 0.0097088 0.0000010 0.0000010 0.1493475 0.9302434 0.0221974 0.0039666 0.0000010 0.0076321 0.0000000 0.3214906 0.0076175 0.2036336 0.8383574 0.8209994 0.8399222 0.7942312 0.7890354 0.8083952 0.7863221 0.8212815 0.8546180 1.1808415 1.1500106 0.7247032 0.7355903 0.7161545 0.7371343 0.7338058 0.0097446 3.5265748 2.8349202 3.4774464 3.2752840 2.8425920 3.3935635 3.0742386 3.1872839 3.1872839 3.1872839 3.2774490 3.2288431 3.3276148 4.0671833 4.0978485 3.2936822 3.2612862 3.3276148 3.2727575 3.3273893 3.3240939 3.2739274 3.1872839 2.9172145 3.3636268 3.4528323 3.2990259 3.4388694 3.1661098 3.4206252 3.3845344 3.1294868 3.3781574 3.2926534 3.3982392 3.4098760 3.4213091 3.8624309 3.1878902 3.0479471 3.4930664 3.4397255 3.5111391 3.4492975 3.3329437 
JDC12      0.3268804 0.3214906 0.3172742 0.3214906 0.5564091 1.3257177 0.3046725 0.3318433 0.3214906 0.3226349 0.3214906 0.0000000 0.3268804 0.4992039 1.1459798 1.1459798 1.1459798 1.1459798 1.1459798 1.1459798 1.1459798 1.1459798 1.1459798 1.7447911 1.6246448 1.0642204 1.0642204 1.0642204 1.0642204 1.0642204 0.3312735 4.5597266 3.9156996 3.8381660 4.1803735 3.9156996 4.5597266 3.5281466 4.0078256 4.0078256 4.0078256 4.1134349 4.8208760 4.5683154 4.5906202 5.1263243 4.1134349 4.1134349 4.5683154 4.5971867 4.6723210 4.6723210 3.6939269 4.0078256 4.6806780 4.2549715 4.5597266 4.2549715 4.0017364 3.9453679 4.0017364 3.9607873 3.7986731 3.9607873 3.8460284 3.9607873 4.5597266 3.9211299 4.3016502 3.5428347 4.0394894 4.5597266 4.3078153 4.0502360 4.5597266 3.9607873 
JDC13      0.0133548 0.0097381 0.0077261 0.0019652 0.1586720 0.9381247 0.0221974 0.0019757 0.0075897 0.0000010 0.0076175 0.3268804 0.0000000 0.2156317 0.8133324 0.8227936 0.8041655 0.8023489 0.7842930 0.7769746 0.7815745 0.8253598 0.8028229 1.1808415 1.1500106 0.7217119 0.7322135 0.7133666 0.7337359 0.7305588 0.0019038 3.5356417 2.9233690 3.5355281 3.2411664 2.9470589 3.5064645 3.1738387 3.1068173 3.1610583 3.1436247 3.2434618 3.1759779 3.2949225 3.9642268 4.0007931 3.2591146 3.2433746 3.2949225 3.2422493 3.2953483 3.2919646 3.3006809 3.1610583 2.9591385 3.4488605 3.5486658 3.3939838 3.4622909 3.1407073 3.5331224 3.4789004 3.1046857 3.4915677 3.3578499 3.5119500 3.5081489 3.3862784 3.7529010 3.2557913 3.1047898 3.5725125 3.5528260 3.4734529 3.5636637 3.4485049 
JDC15      0.2029074 0.2058550 0.2005292 0.2040419 0.3613211 0.7792880 0.1153509 0.2096209 0.2004632 0.2141346 0.2036336 0.4992039 0.2156317 0.0000000 0.7375542 0.7726395 0.7446294 0.7174507 0.7347117 0.7513900 0.7312789 0.7182036 0.7265294 1.0586026 1.0396096 0.6480988 0.6294107 0.6356073 0.6450574 0.6642452 0.2180848 3.3119326 2.6615627 3.4270508 3.3686308 2.8727678 3.3439952 3.2281019 3.3510082 3.3040598 3.3158540 3.3625449 3.2076584 3.3074316 3.5640171 3.9332275 3.3384794 3.3614028 3.3074316 3.4188707 3.2229810 3.2684819 3.0597589 3.4137324 3.2909861 3.1720035 3.3234074 3.1865424 3.1065785 3.3221297 3.2294275 3.0782582 3.2652145 3.1410861 3.0326159 3.1745021 3.2404425 3.3147911 3.6840866 3.6105989 3.4996414 3.3177028 3.3288934 3.4545693 3.2695742 3.1128679 
JDC16      0.7988877 0.8101090 0.7810994 0.7968812 0.8739689 0.5399617 0.5771139 0.7835566 0.8150411 0.8270831 0.8383574 1.1459798 0.8133324 0.7375542 0.0000000 0.0067956 0.0120267 0.0086564 0.0121628 0.0104759 0.0052058 0.0033913 0.0140017 0.8146224 0.1236268 0.2452169 0.2285952 0.2445128 0.2264077 0.2350574 0.7908857 2.6557434 2.7377146 3.1886186 3.4473488 2.8439680 2.6507188 3.8816324 3.1467774 3.1561651 3.1853666 3.6818320 2.7661779 3.9094465 3.1716396 3.3145011 3.9618660 3.7067192 3.9094465 3.8379895 3.7964533 3.8925386 2.6267830 3.1976409 3.6831496 2.4382471 2.7627959 2.4376276 2.3275291 3.1506539 2.3995128 2.2222906 3.0646847 2.2356382 2.4226891 2.2714608 2.7473749 2.6428240 2.9099412 3.8646283 3.5982878 2.6255634 2.3981867 2.6930451 2.6780770 2.3343186 
JDC17      0.7754218 0.8101090 0.7575722 0.7968812 0.8470712 0.5238774 0.5771139 0.7835566 0.7911835 0.8367877 0.8209994 1.1459798 0.8227936 0.7726395 0.0067956 0.0000000 0.0102862 0.0051681 0.0103794 0.0087235 0.0069541 0.0016908 0.0140240 0.8146224 0.1236268 0.2358785 0.2326487 0.2632341 0.2534510 0.2257093 0.8002804 2.6557434 2.6452254 3.0777456 3.2276442 2.7162030 2.5336593 3.6809773 3.0341127 3.0965714 3.0704380 3.6010969 2.6552231 3.6773972 3.0548922 3.2211261 3.8767607 3.5441191 3.6773972 3.7152548 3.7605554 3.6641331 2.5001994 3.0411640 3.4785633 2.4228650 2.6244975 2.3604677 2.2550519 3.0376334 2.2906971 2.1536258 3.0048961 2.1363933 2.3458448 2.1701270 2.6523919 2.5123480 2.8032643 3.7142329 3.4590101 2.6255634 2.2883488 2.5755129 2.5864165 2.3568977 
JDC18      0.7765478 0.8237731 0.7785559 0.7968812 0.8697919 0.5367393 0.5771139 0.7835566 0.8014857 0.8175232 0.8399222 1.1459798 0.8041655 0.7446294 0.0120267 0.0102862 0.0000000 0.0051530 0.0103671 0.0034603 0.0104935 0.0153876 0.0120913 0.8146224 0.1236268 0.2356245 0.2357441 0.2409594 0.2334705 0.2254637 0.7821916 2.6963005 2.7123506 3.1606087 3.3820210 2.6490011 2.6446570 3.8174632 3.1180645 3.1840598 3.1562703 3.7244360 2.7357582 3.7967662 3.0827910 3.2773451 4.0091538 3.6686581 3.7967662 3.7692914 3.8783935 3.7815311 2.5840681 3.1459816 3.6167438 2.5850310 2.7950865 2.4907470 2.4273101 3.1218724 2.3817716 2.2016453 3.0920492 2.2307252 2.4756297 2.2541816 2.7754695 2.5204847 2.8815304 3.8302368 3.5652563 2.6318087 2.4050934 2.4960617 2.6588634 2.4469189 
JDC19      0.7589903 0.7930048 0.7605333 0.7968812 0.8586516 0.5289998 0.5771139 0.7835566 0.7714736 0.8057692 0.7942312 1.1459798 0.8023489 0.7174507 0.0086564 0.0051681 0.0051530 0.0000000 0.0034581 0.0088113 0.0017433 0.0051681 0.0069165 0.8146224 0.1236268 0.2257392 0.2229015 0.2257392 0.2207509 0.2160765 0.7821916 2.6218274 2.6640400 3.1313190 3.2724434 2.6584736 2.5958040 3.7146068 3.0979817 3.0892342 3.0979817 3.5738407 2.6778360 3.7265412 2.9308178 3.2183723 3.8765273 3.5964385 3.7265412 3.6586710 3.6960400 3.7352612 2.5013679 3.0560155 3.5083662 2.3806199 2.6537185 2.3806199 2.2822133 3.0471360 2.3067891 2.1636453 2.9965865 2.1902709 2.3656513 2.2018050 2.6388892 2.5143816 2.8532925 3.7630359 3.5037185 2.6368122 2.3619754 2.4504598 2.6244011 2.2780931 
JDC20      0.7823473 0.7981005 0.7714015 0.8000638 0.8509588 0.5256432 0.5771139 0.7835566 0.7661669 0.7975243 0.7890354 1.1459798 0.7842930 0.7347117 0.0121628 0.0103794 0.0103671 0.0034581 0.0000000 0.0069517 0.0017241 0.0086446 0.0105123 0.8318987 0.1191374 0.2205476 0.2228263 0.2224903 0.2207020 0.2260352 0.7963774 2.5466121 2.7777081 3.1127347 3.3884264 2.8150125 2.6737664 3.8233268 3.0695402 3.0781670 3.1066494 3.5760054 2.6891773 3.8031646 2.9449541 3.3849864 3.9501545 3.5964385 3.8031646 3.7755963 3.7365168 3.7878400 2.5895282 3.1513967 3.6229595 2.3436453 2.6346825 2.3174077 2.2654994 3.0731830 2.3370567 2.2521012 2.9864258 2.2834972 2.3269676 2.3077930 2.5760568 2.6370936 2.9027370 3.7630359 3.5037185 2.5606838 2.4048025 2.6634646 2.6051653 2.2973884 
JDC21      0.8011599 0.8016460 0.7880432 0.8000638 0.8697919 0.5367393 0.5771139 0.7835566 0.7938754 0.7901959 0.8083952 1.1459798 0.7769746 0.7513900 0.0104759 0.0087235 0.0034603 0.0088113 0.0069517 0.0000000 0.0069639 0.0104926 0.0035000 0.8318987 0.1191374 0.2335225 0.2332571 0.2355197 0.2310058 0.2329667 0.7951174 2.5677918 2.7939752 3.1606087 3.3411445 2.7938452 2.6363425 3.7788429 3.1004449 3.1840598 3.1383280 3.7244360 2.7357582 3.7967662 2.9789470 3.2466410 4.0748093 3.6686581 3.7967662 3.7278360 3.8372125 3.7815311 2.5833717 3.1124034 3.5762406 2.3903026 2.6363425 2.3518853 2.2984603 3.1042009 2.3358435 2.3044205 3.0920492 2.2940072 2.3617908 2.3063044 2.6358000 2.6915437 2.9859357 3.8302368 3.5652563 2.5669896 2.3789982 2.7688472 2.6509308 2.3419137 
JDC22      0.7795905 0.7967621 0.7666980 0.8000638 0.8509588 0.5256432 0.5771139 0.7835566 0.7632016 0.7949541 0.7863221 1.1459798 0.7815745 0.7312789 0.0052058 0.0069541 0.0104935 0.0017433 0.0017241 0.0069639 0.0000000 0.0017266 0.0070429 0.8245569 0.1191374 0.2206835 0.2187079 0.2185809 0.2166365 0.2226829 0.7903522 2.5239113 2.7624944 3.1127347 3.4048425 2.8073513 2.6378183 3.8384373 3.0695402 3.0781670 3.1066494 3.5760054 2.6891773 3.8031646 2.9312732 3.1664478 3.9501545 3.5964385 3.8031646 3.7001733 3.7123177 3.7878400 2.6011181 3.1647593 3.6391123 2.2957089 2.5975930 2.2855915 2.2341177 3.0731830 2.3051394 2.2401832 2.9864258 2.2640855 2.2950108 2.2761375 2.5540822 2.6520973 2.9027370 3.7630359 3.5037185 2.5227880 2.3472968 2.7692256 2.5684861 2.2288660 
JDC23      0.7786584 0.8324338 0.7607756 0.7968812 0.8509588 0.5256432 0.5771139 0.7835566 0.7945103 0.8393678 0.8212815 1.1459798 0.8253598 0.7182036 0.0033913 0.0016908 0.0153876 0.0051681 0.0086446 0.0104926 0.0017266 0.0000000 0.0228661 0.8146224 0.1236268 0.2364686 0.2198201 0.2357965 0.2177281 0.2263784 0.7963774 2.7435540 2.6736093 3.1127347 3.3475372 2.7767455 2.5878616 3.7846928 3.0695402 3.0781670 3.1066494 3.5760054 2.6891773 3.8031646 3.0793525 3.2422910 3.8500268 3.5964385 3.8031646 3.7341274 3.6965519 3.7878400 2.5584300 3.1178123 3.5824389 2.4538997 2.7454932 2.4069296 2.3193907 3.0731830 2.3468760 2.1737846 2.9864258 2.1873030 2.4130333 2.2221803 2.7072433 2.5801950 2.8363023 3.7630359 3.5037185 2.6255634 2.3450346 2.6302422 2.6144045 2.3063495 
JDC24      0.7734798 0.8096297 0.7769393 0.7968812 0.8777387 0.5401931 0.5771139 0.7835566 0.7951051 0.8062486 0.8546180 1.1459798 0.8028229 0.7265294 0.0140017 0.0140240 0.0120913 0.0069165 0.0105123 0.0035000 0.0070429 0.0228661 0.0000000 0.8196521 0.1240159 0.2399241 0.2328316 0.2394558 0.2305641 0.2294951 0.7873705 2.7593842 2.7580701 3.1798111 3.3351138 2.7365792 2.6619086 3.7783399 3.1477057 3.1390602 3.1477057 3.6439517 2.7244398 3.7964567 2.9457763 3.3898941 3.9525840 3.6686581 3.7964567 3.7266255 3.7628226 3.8043890 2.5409492 3.1051909 3.5731456 2.5496043 2.7976394 2.5223026 2.4939447 3.0954993 2.3929224 2.2131625 3.0461601 2.2826956 2.5342183 2.2949466 2.8156346 2.5453907 2.8936553 3.8302368 3.5652563 2.6621465 2.4054142 2.5540067 2.7033075 2.4116946 
JDC25      1.1999715 1.1808415 1.1650265 1.1923558 1.4964741 0.7795975 1.1779413 1.2123178 1.1808415 1.1650265 1.1808415 1.7447911 1.1808415 1.0586026 0.8146224 0.8146224 0.8146224 0.8146224 0.8318987 0.8318987 0.8245569 0.8146224 0.8196521 0.0000000 1.0799744 0.6836717 0.6743503 0.6836717 0.6901500 0.6880239 1.1695648 2.7487299 2.0018217 2.7600284 2.7170205 2.0018217 2.7487299 3.0749673 2.8694831 2.8694831 2.8694831 2.6221089 2.4385839 3.6265772 3.3395846 2.1196219 2.6473458 2.6221089 3.6265772 3.3780436 3.4453961 3.4453961 2.9847155 2.8694831 3.3589647 2.3419138 2.7487299 2.3419138 2.2068369 2.7965012 2.2068369 2.2906295 2.8647984 2.2906295 2.1256383 2.2906295 2.7487299 2.8913016 3.0264585 4.9514742 3.9048755 2.7487299 2.3453757 3.0367473 2.7487299 2.2906295 
JDC26      1.1688236 1.1500106 1.1500106 1.1500106 1.3911560 0.8013172 1.0749642 1.1271565 1.1500106 1.1500106 1.1500106 1.6246448 1.1500106 1.0396096 0.1236268 0.1236268 0.1236268 0.1236268 0.1191374 0.1191374 0.1191374 0.1236268 0.1240159 1.0799744 0.0000000 0.3553389 0.3590297 0.3553389 0.3522342 0.3570964 1.1284404 2.6519307 2.2782112 4.4379080 3.1330709 2.2782112 2.6519307 5.4011808 3.7137587 3.7395313 3.7137587 3.7634427 2.0565024 4.8557813 2.6522497 3.1600275 4.4889727 3.6854739 4.8557813 4.6847880 4.8359451 4.8508616 2.5842933 3.6735742 4.3978935 2.1505412 2.6519307 2.1505412 2.2845371 3.7395739 2.2845371 2.2295567 3.7508658 2.2295567 2.3359453 2.2295567 2.6519307 2.6562742 2.9241304 4.6403663 3.6368376 2.6519307 2.0819553 2.5471213 2.6519307 2.2295567 
JDC27      0.7372159 0.7357570 0.7069948 0.7536393 0.7761860 0.5228401 0.5463764 0.7421253 0.6993075 0.7258096 0.7247032 1.0642204 0.7217119 0.6480988 0.2452169 0.2358785 0.2356245 0.2257392 0.2205476 0.2335225 0.2206835 0.2364686 0.2399241 0.6836717 0.3553389 0.0000000 0.0000010 0.0017110 0.0000010 0.0000010 0.7524993 2.6835585 3.3104964 2.9529954 3.8992348 3.3121586 2.6167470 3.4289301 3.1832493 3.2267445 3.2221111 4.0626588 3.4752000 3.5652121 3.5740571 3.0529076 4.1777469 4.0666370 3.5652121 3.5514639 3.6805962 3.6066179 2.9129190 3.1981375 3.0791731 2.4422755 2.7088013 2.4294867 2.3057834 2.9937767 2.3521657 2.2321209 2.9465185 2.2710723 2.3828307 2.2830143 2.6788977 2.8818276 3.2681050 2.8666356 3.2649920 2.6994294 2.5042510 2.8668709 2.6550888 2.3077274 
JDC28      0.7166196 0.7483706 0.7100944 0.7513926 0.7761860 0.5228401 0.5463764 0.7421253 0.7144322 0.7366297 0.7355903 1.0642204 0.7322135 0.6294107 0.2285952 0.2326487 0.2357441 0.2229015 0.2228263 0.2332571 0.2187079 0.2198201 0.2328316 0.6743503 0.3590297 0.0000010 0.0000000 0.0000010 0.0000010 0.0017581 0.7577695 2.6405926 3.3854574 2.9529954 4.0154347 3.4605470 2.7405103 3.5397972 3.1832493 3.1875144 3.2221111 4.0263828 3.4752000 3.6090231 3.5478419 3.0101452 4.1950209 4.0666370 3.6090231 3.5850008 3.6684807 3.6284788 3.0186634 3.3016301 3.1873685 2.4266768 2.6832329 2.4163714 2.3119916 2.9937767 2.3859676 2.3015554 2.9122434 2.3265218 2.3590090 2.3391140 2.6378555 2.9665135 3.2873676 2.8666356 3.2649920 2.6403559 2.5056387 3.1287651 2.6528770 2.3013333 
JDC29      0.7372159 0.7446939 0.7069948 0.7536393 0.7761860 0.5228401 0.5463764 0.7421253 0.6993075 0.7173425 0.7161545 1.0642204 0.7133666 0.6356073 0.2445128 0.2632341 0.2409594 0.2257392 0.2224903 0.2355197 0.2185809 0.2357965 0.2394558 0.6836717 0.3553389 0.0017110 0.0000010 0.0000000 0.0000010 0.0017185 0.7524993 2.6281737 3.3104964 2.9529954 4.0154347 3.3641164 2.7009387 3.5397972 3.1832493 3.1875144 3.2221111 4.0263828 3.4752000 3.6090231 3.5568947 3.0965561 4.1142485 4.0666370 3.6090231 3.5850008 3.6684807 3.6284788 3.0186634 3.3016301 3.1873685 2.3946653 2.6847088 2.3847729 2.2642478 2.9937767 2.3337064 2.2321209 2.9122434 2.2830143 2.3392801 2.3070987 2.6260839 2.8990137 3.2681050 2.8666356 3.2649920 2.6431713 2.5176316 2.9635206 2.6550888 2.2549031 
JDC30      0.7182016 0.7498860 0.7116982 0.7529016 0.7761860 0.5228401 0.5463764 0.7421253 0.7160190 0.7381528 0.7371343 1.0642204 0.7337359 0.6450574 0.2264077 0.2534510 0.2334705 0.2207509 0.2207020 0.2310058 0.2166365 0.2177281 0.2305641 0.6901500 0.3522342 0.0000010 0.0000010 0.0000010 0.0000000 0.0017460 0.7592206 2.6405926 3.4841843 2.9529954 4.0154347 3.5606097 2.7405103 3.5397972 3.1832493 3.1875144 3.2221111 4.0263828 3.4752000 3.6090231 3.5342521 3.0641695 4.1745358 4.0666370 3.6090231 3.5850008 3.6684807 3.6284788 3.0186634 3.3016301 3.1873685 2.4020075 2.6832329 2.3917630 2.3097453 2.9937767 2.3832007 2.2993911 2.9122434 2.3241783 2.3564224 2.3366791 2.6378555 2.9945757 3.3172295 2.8666356 3.2649920 2.6403559 2.4795739 3.1574475 2.6528770 2.2991925 
JDC31      0.7217660 0.7444487 0.7098980 0.7569021 0.7761860 0.5228401 0.5463764 0.7421253 0.7132554 0.7348360 0.7338058 1.0642204 0.7305588 0.6642452 0.2350574 0.2257093 0.2254637 0.2160765 0.2260352 0.2329667 0.2226829 0.2263784 0.2294951 0.6880239 0.3570964 0.0000010 0.0017581 0.0017185 0.0017460 0.0000000 0.7556190 2.6581658 3.3518769 2.9529954 3.8842917 3.3664226 2.6906280 3.4204714 3.1832493 3.2451531 3.2221111 4.1155294 3.4752000 3.5393260 3.5739636 3.0768367 4.2042345 4.0666370 3.5393260 3.5414124 3.7403579 3.5589719 2.9075232 3.1914925 3.0728430 2.4532272 2.6700115 2.4049332 2.2809824 2.9937767 2.3173259 2.2321209 2.9630988 2.2494612 2.3581374 2.2730511 2.6546295 2.8818532 3.3114784 2.8666356 3.2649920 2.6739332 2.4788819 2.8886241 2.6847133 2.3158883 
JDC32      0.0096348 0.0039240 0.0097403 0.0039448 0.1629827 0.9495771 0.0221974 0.0039661 0.0096250 0.0019075 0.0097446 0.3312735 0.0019038 0.2180848 0.7908857 0.8002804 0.7821916 0.7821916 0.7963774 0.7951174 0.7903522 0.7963774 0.7873705 1.1695648 1.1284404 0.7524993 0.7577695 0.7524993 0.7592206 0.7556190 0.0000000 3.7079798 2.9406301 3.6324865 3.2895796 2.9297863 3.6868665 3.2119298 3.2001441 3.2001441 3.2001441 3.3319577 3.2649839 3.3400371 4.1093396 4.2465492 3.3481522 3.4082142 3.3400371 3.2855718 3.3395645 3.3363785 3.3498854 3.2001441 2.9954882 3.5402174 3.6868665 3.5402174 3.6617517 3.1790557 3.6617517 3.5402318 3.1430031 3.5782762 3.5014056 3.5782762 3.6651281 3.4492591 3.9108235 3.3605832 3.2057515 3.7406047 3.6083940 3.5779296 3.6868665 3.5782762 
JDC33      3.8128775 3.8014837 3.4856437 3.5120287 3.4237779 3.4425557 2.9247687 3.5598961 3.5104045 3.5032893 3.5265748 4.5597266 3.5356417 3.3119326 2.6557434 2.6557434 2.6963005 2.6218274 2.5466121 2.5677918 2.5239113 2.7435540 2.7593842 2.7487299 2.6519307 2.6835585 2.6405926 2.6281737 2.6405926 2.6581658 3.7079798 0.0000000 0.7045441 0.6418261 0.4138185 0.7186972 0.0073921 0.6449174 0.6032488 0.5956798 0.6032488 0.4209209 0.3303223 0.6244543 0.3963093 0.3503025 0.4384424 0.4163649 0.6244543 0.6257962 0.6261512 0.6203326 0.4554134 0.5901656 0.6791356 0.0419631 0.0036121 0.0419631 0.0788408 0.6152213 0.0772254 0.0884145 0.5956856 0.0897692 0.0832238 0.0896076 0.0036227 0.5881484 0.5935092 0.6490260 0.6383796 0.0036625 0.0492464 0.6094225 0.0000010 0.0877871 
KHK1       2.9160386 2.9127930 2.8221340 2.9158337 2.6713182 3.2118880 2.9918947 3.0407073 2.8376920 2.9310709 2.8349202 3.9156996 2.9233690 2.6615627 2.7377146 2.6452254 2.7123506 2.6640400 2.7777081 2.7939752 2.7624944 2.6736093 2.7580701 2.0018217 2.2782112 3.3104964 3.3854574 3.3104964 3.4841843 3.3518769 2.9406301 0.7045441 0.0000000 0.6597467 0.7053516 0.0000010 0.6629131 0.6618196 0.7752501 0.7385848 0.7559076 0.7226390 0.5432163 0.6539961 0.6707539 0.6725185 0.7479495 0.7462490 0.6539961 0.6551717 0.6550589 0.6581639 0.5895270 0.7344822 0.8494589 0.6845523 0.6629131 0.6998163 0.7194122 0.7815691 0.7086721 0.7009517 0.7658437 0.7009517 0.7148063 0.7009517 0.6780162 0.6711823 0.6716690 0.8385157 0.7682206 0.7099127 0.6860682 0.6792727 0.6629131 0.7009517 
KHK9       3.5571158 3.5752170 3.4512996 3.5388992 3.4645039 4.4415160 3.1106493 3.5813088 3.4668499 3.5781877 3.4774464 3.8381660 3.5355281 3.4270508 3.1886186 3.0777456 3.1606087 3.1313190 3.1127347 3.1606087 3.1127347 3.1127347 3.1798111 2.7600284 4.4379080 2.9529954 2.9529954 2.9529954 2.9529954 2.9529954 3.6324865 0.6418261 0.6597467 0.0000000 0.7158817 0.6597467 0.6046504 0.2018184 0.4878467 0.4820588 0.4820588 0.7274291 0.5279738 0.3704275 0.6568368 0.6632717 0.7241017 0.7485117 0.3704275 0.3720624 0.3686992 0.3696195 0.5831686 0.4820588 0.4684553 0.5855701 0.6046504 0.5929028 0.6168939 0.4782417 0.6096902 0.6100340 0.4918907 0.6100340 0.6161155 0.6100340 0.6121676 0.6064197 0.6404352 0.4993027 0.4903368 0.6469117 0.5956869 0.6142617 0.6046504 0.6100340 
KHK23      3.2108507 3.3850797 3.2159450 3.3424174 2.9135664 4.2612067 2.8802005 3.2597629 3.2676192 3.1984805 3.2752840 4.1803735 3.2411664 3.3686308 3.4473488 3.2276442 3.3820210 3.2724434 3.3884264 3.3411445 3.4048425 3.3475372 3.3351138 2.7170205 3.1330709 3.8992348 4.0154347 4.0154347 4.0154347 3.8842917 3.2895796 0.4138185 0.7053516 0.7158817 0.0000000 0.7100325 0.3839294 0.6672663 0.4785493 0.4620042 0.4594235 0.0065659 0.2885849 0.4752259 0.4012760 0.3729405 0.0065781 0.0044842 0.4752259 0.4812260 0.4798201 0.4770868 0.4594220 0.4503531 0.5655349 0.3811873 0.3864918 0.3925151 0.4019772 0.4573619 0.3923534 0.3846848 0.4511503 0.3820444 0.3958848 0.3808805 0.4019511 0.5291572 0.6094875 0.6267179 0.6534255 0.4167589 0.3787157 0.5307964 0.3890597 0.3891068 
KHK29      2.9226603 2.8944610 2.8054584 2.9158337 2.6713182 3.2118880 2.9918947 3.0407073 2.8451692 2.9375707 2.8425920 3.9156996 2.9470589 2.8727678 2.8439680 2.7162030 2.6490011 2.6584736 2.8150125 2.7938452 2.8073513 2.7767455 2.7365792 2.0018217 2.2782112 3.3121586 3.4605470 3.3641164 3.5606097 3.3664226 2.9297863 0.7186972 0.0000010 0.6597467 0.7100325 0.0000000 0.6877522 0.6724284 0.7802048 0.7401721 0.7559076 0.7213559 0.5432163 0.6457351 0.6882098 0.6743918 0.7494717 0.7462490 0.6457351 0.6352215 0.6608215 0.6524795 0.5980052 0.7359512 0.8565138 0.7133536 0.6729419 0.7241544 0.7442255 0.7780541 0.7251069 0.7009517 0.7673948 0.7197924 0.7393005 0.7173414 0.6914448 0.6655270 0.6716690 0.8385157 0.7682206 0.7285508 0.6966984 0.6967890 0.6777277 0.7247483 
KHK45      3.6594533 3.5724778 3.4137867 3.5337481 3.3138285 3.3314573 2.9247687 3.5740802 3.3841985 3.4678207 3.3935635 4.5597266 3.5064645 3.3439952 2.6507188 2.5336593 2.6446570 2.5958040 2.6737664 2.6363425 2.6378183 2.5878616 2.6619086 2.7487299 2.6519307 2.6167470 2.7405103 2.7009387 2.7405103 2.6906280 3.6868665 0.0073921 0.6629131 0.6046504 0.3839294 0.6877522 0.0000000 0.5848196 0.5846260 0.5602919 0.5653967 0.3984785 0.3225378 0.5763967 0.3839069 0.3361042 0.4163260 0.4059675 0.5763967 0.5860232 0.5834551 0.5752939 0.4196014 0.5408800 0.6126342 0.0508774 0.0071242 0.0533978 0.0845334 0.5741943 0.0833577 0.0854660 0.5592964 0.0862735 0.0906007 0.0883441 0.0126648 0.5565517 0.5633694 0.6290924 0.6140073 0.0111523 0.0453262 0.5577764 0.0053474 0.0987466 
KHK47      3.1495217 3.1539526 3.0575969 3.1214449 3.3659351 3.7936893 2.8807079 3.1815200 3.0721071 3.1658459 3.0742386 3.5281466 3.1738387 3.2281019 3.8816324 3.6809773 3.8174632 3.7146068 3.8233268 3.7788429 3.8384373 3.7846928 3.7783399 3.0749673 5.4011808 3.4289301 3.5397972 3.5397972 3.5397972 3.4204714 3.2119298 0.6449174 0.6618196 0.2018184 0.6672663 0.6724284 0.5848196 0.0000000 0.5399642 0.5254579 0.5235223 0.6810029 0.5277806 0.4202369 0.5832514 0.6604699 0.6838354 0.7110577 0.4202369 0.4287748 0.4225171 0.4202369 0.5904217 0.5133630 0.4734542 0.6160940 0.5976685 0.6345325 0.6509582 0.5331840 0.6330620 0.6408617 0.5424627 0.6357427 0.6472552 0.6334333 0.6198528 0.6814254 0.7203081 0.5011976 0.4740768 0.6501217 0.6297800 0.6720266 0.6021458 0.6414687 
KHK61      3.1360842 3.2754955 3.1673529 3.2405131 3.4107670 3.6084173 2.7023770 3.1403049 3.1826862 3.1527661 3.1872839 4.0078256 3.1068173 3.3510082 3.1467774 3.0341127 3.1180645 3.0979817 3.0695402 3.1004449 3.0695402 3.0695402 3.1477057 2.8694831 3.7137587 3.1832493 3.1832493 3.1832493 3.1832493 3.1832493 3.2001441 0.6032488 0.7752501 0.4878467 0.4785493 0.7802048 0.5846260 0.5399642 0.0000000 0.0058685 0.0038875 0.4899981 0.3797494 0.2758932 0.5269876 0.5431311 0.5138435 0.4838186 0.2758932 0.2735377 0.2724630 0.2719108 0.6327548 0.0058809 0.4403140 0.5692916 0.5846260 0.5504401 0.5827812 0.0238925 0.5928916 0.5888903 0.0248138 0.5932296 0.5950428 0.5932296 0.5653967 0.5903722 0.7290996 0.5139206 0.5388556 0.6081105 0.5670415 0.5984514 0.5846260 0.5932296 
KHK62      3.1360842 3.2754955 3.1673529 3.2405131 3.3380124 3.5339911 2.7023770 3.1403049 3.1826862 3.1527661 3.1872839 4.0078256 3.1610583 3.3040598 3.1561651 3.0965714 3.1840598 3.0892342 3.0781670 3.1840598 3.0781670 3.0781670 3.1390602 2.8694831 3.7395313 3.2267445 3.1875144 3.1875144 3.1875144 3.2451531 3.2001441 0.5956798 0.7385848 0.4820588 0.4620042 0.7401721 0.5602919 0.5254579 0.0058685 0.0000000 0.0000010 0.4671084 0.3931151 0.2667089 0.5183249 0.5196531 0.4813924 0.4838186 0.2667089 0.2644555 0.2572795 0.2628981 0.5990451 0.0019419 0.4270169 0.5392922 0.5602919 0.5578217 0.5755199 0.0178421 0.5684578 0.5667206 0.0183846 0.5687727 0.5727509 0.5687727 0.5730553 0.5599507 0.7059382 0.5139206 0.5388556 0.6004906 0.5432828 0.5677125 0.5560142 0.5624859 
KHK63      3.1360842 3.2754955 3.1673529 3.2405131 3.3380124 3.5339911 2.7023770 3.1403049 3.1826862 3.1527661 3.1872839 4.0078256 3.1436247 3.3158540 3.1853666 3.0704380 3.1562703 3.0979817 3.1066494 3.1383280 3.1066494 3.1066494 3.1477057 2.8694831 3.7137587 3.2221111 3.2221111 3.2221111 3.2221111 3.2221111 3.2001441 0.6032488 0.7559076 0.4820588 0.4594235 0.7559076 0.5653967 0.5235223 0.0038875 0.0000010 0.0000000 0.4708056 0.3931151 0.2644324 0.5269876 0.5246176 0.4943280 0.4838186 0.2644324 0.2621923 0.2613995 0.2606439 0.6112940 0.0000010 0.4247559 0.5504401 0.5653967 0.5650065 0.5827812 0.0177744 0.5735758 0.5738952 0.0184545 0.5738952 0.5799354 0.5738952 0.5802904 0.5710584 0.7202324 0.5139206 0.5388556 0.6081105 0.5482837 0.5789268 0.5653967 0.5738952 
KHK64      3.2133004 3.3865665 3.2183882 3.3442043 2.9135664 4.2496005 2.8320566 3.2458212 3.2697772 3.2010140 3.2774490 4.1134349 3.2434618 3.3625449 3.6818320 3.6010969 3.7244360 3.5738407 3.5760054 3.7244360 3.5760054 3.5760054 3.6439517 2.6221089 3.7634427 4.0626588 4.0263828 4.0263828 4.0263828 4.1155294 3.3319577 0.4209209 0.7226390 0.7274291 0.0065659 0.7213559 0.3984785 0.6810029 0.4899981 0.4671084 0.4708056 0.0000000 0.3157357 0.4819109 0.4102644 0.3827778 0.0000010 0.0000010 0.4819109 0.4839799 0.4869488 0.4878731 0.4863138 0.4715746 0.5914650 0.3845543 0.3984785 0.3993555 0.4088316 0.4687059 0.4041876 0.3915405 0.4449571 0.3938538 0.4026999 0.3926602 0.4088487 0.5457922 0.6200620 0.6267179 0.6658280 0.4238812 0.3905325 0.5514232 0.3959901 0.3878484 
KHK65      3.1670362 3.3355141 3.2491083 3.2935752 2.9480332 3.5086390 3.1957180 3.2406876 3.2224077 3.2315148 3.2288431 4.8208760 3.1759779 3.2076584 2.7661779 2.6552231 2.7357582 2.6778360 2.6891773 2.7357582 2.6891773 2.6891773 2.7244398 2.4385839 2.0565024 3.4752000 3.4752000 3.4752000 3.4752000 3.4752000 3.2649839 0.3303223 0.5432163 0.5279738 0.2885849 0.5432163 0.3225378 0.5277806 0.3797494 0.3931151 0.3931151 0.3157357 0.0000000 0.3826919 0.3244368 0.2833088 0.3157357 0.3112512 0.3826919 0.3852586 0.3895399 0.3877093 0.3724536 0.3931151 0.5408707 0.3206386 0.3225378 0.3104329 0.3294835 0.3978596 0.3354116 0.3301605 0.3807999 0.3301605 0.3354116 0.3301605 0.3121603 0.3668612 0.4086122 0.4999338 0.4682957 0.3325871 0.3206386 0.3729380 0.3225378 0.3301605 
KHK68      3.2669274 3.4290088 3.3026853 3.3901102 3.2362441 3.6152825 3.1029335 3.3078119 3.3194494 3.2865165 3.3276148 4.5683154 3.2949225 3.3074316 3.9094465 3.6773972 3.7967662 3.7265412 3.8031646 3.7967662 3.8031646 3.8031646 3.7964567 3.6265772 4.8557813 3.5652121 3.6090231 3.6090231 3.6090231 3.5393260 3.3400371 0.6244543 0.6539961 0.3704275 0.4752259 0.6457351 0.5763967 0.4202369 0.2758932 0.2667089 0.2644324 0.4819109 0.3826919 0.0000000 0.5312310 0.5407031 0.4837801 0.5008427 0.0000010 0.0000010 0.0020532 0.0000010 0.5431318 0.2622387 0.3795356 0.5784686 0.5763967 0.5942127 0.6003548 0.2725567 0.5834265 0.5907750 0.2773021 0.5859364 0.5971624 0.5837652 0.5991979 0.4838226 0.6215825 0.4641609 0.5017475 0.6297634 0.5767754 0.4893093 0.5809279 0.5906214 
KHK70      3.9969908 4.2746892 3.9848041 4.1294895 4.1054588 4.4221633 3.3115485 4.0628511 3.9606209 3.9298969 4.0671833 4.5906202 3.9642268 3.5640171 3.1716396 3.0548922 3.0827910 2.9308178 2.9449541 2.9789470 2.9312732 3.0793525 2.9457763 3.3395846 2.6522497 3.5740571 3.5478419 3.5568947 3.5342521 3.5739636 4.1093396 0.3963093 0.6707539 0.6568368 0.4012760 0.6882098 0.3839069 0.5832514 0.5269876 0.5183249 0.5269876 0.4102644 0.3244368 0.5312310 0.0000000 0.3226735 0.4110823 0.4173038 0.5312310 0.5329454 0.5436685 0.5286081 0.4681260 0.5132601 0.5885971 0.3770495 0.3840028 0.3741557 0.3685204 0.5480474 0.3611069 0.3498469 0.5162639 0.3594985 0.3712834 0.3586342 0.3773375 0.5782925 0.5634158 0.5435716 0.5278640 0.3876471 0.3670847 0.5982712 0.3726097 0.3710982 
KHK71      4.1956710 4.4161804 3.9652384 4.3116798 3.9472123 4.0760731 3.7395778 4.1269589 4.0871500 3.9616116 4.0978485 5.1263243 4.0007931 3.9332275 3.3145011 3.2211261 3.2773451 3.2183723 3.3849864 3.2466410 3.1664478 3.2422910 3.3898941 2.1196219 3.1600275 3.0529076 3.0101452 3.0965561 3.0641695 3.0768367 4.2465492 0.3503025 0.6725185 0.6632717 0.3729405 0.6743918 0.3361042 0.6604699 0.5431311 0.5196531 0.5246176 0.3827778 0.2833088 0.5407031 0.3226735 0.0000000 0.3808066 0.3895360 0.5407031 0.5361016 0.5543413 0.5399405 0.4878436 0.5084799 0.6079283 0.3277605 0.3399812 0.3286337 0.3208753 0.5464350 0.3079287 0.2927324 0.5223353 0.2984960 0.3064179 0.3010517 0.3487968 0.5413658 0.5524232 0.6068716 0.6036520 0.3520715 0.3112168 0.5746632 0.3291669 0.3023998 
KHK72      3.2288003 3.4035917 3.2340346 3.3610862 2.9135664 4.2496005 2.8320566 3.2458212 3.2855998 3.2165941 3.2936822 4.1134349 3.2591146 3.3384794 3.9618660 3.8767607 4.0091538 3.8765273 3.9501545 4.0748093 3.9501545 3.8500268 3.9525840 2.6473458 4.4889727 4.1777469 4.1950209 4.1142485 4.1745358 4.2042345 3.3481522 0.4384424 0.7479495 0.7241017 0.0065781 0.7494717 0.4163260 0.6838354 0.5138435 0.4813924 0.4943280 0.0000010 0.3157357 0.4837801 0.4110823 0.3808066 0.0000000 0.0000010 0.4837801 0.4858471 0.5151932 0.4878731 0.5234762 0.4824244 0.6187929 0.4000765 0.4163260 0.4138214 0.4210303 0.4974208 0.4174770 0.4036962 0.4449571 0.4059408 0.4195802 0.4059408 0.4256355 0.5789102 0.6462510 0.6267179 0.6626289 0.4415125 0.4048970 0.5866439 0.4126114 0.4011366 
KHK73      3.2220761 3.3696012 3.2273559 3.3273872 2.9674861 4.3784810 2.8320566 3.2458212 3.3019351 3.2095786 3.2612862 4.1134349 3.2433746 3.3614028 3.7067192 3.5441191 3.6686581 3.5964385 3.5964385 3.6686581 3.5964385 3.5964385 3.6686581 2.6221089 3.6854739 4.0666370 4.0666370 4.0666370 4.0666370 4.0666370 3.4082142 0.4163649 0.7462490 0.7485117 0.0044842 0.7462490 0.4059675 0.7110577 0.4838186 0.4838186 0.4838186 0.0000010 0.3112512 0.5008427 0.4173038 0.3895360 0.0000010 0.0000000 0.5008427 0.5029018 0.5069373 0.5049297 0.4984772 0.4838186 0.6107499 0.3963495 0.4059675 0.3963495 0.4118059 0.4836705 0.4118059 0.3997851 0.4663355 0.3997851 0.4113583 0.3997851 0.4059675 0.5582700 0.6352851 0.6267179 0.6677520 0.4192887 0.3963495 0.5662110 0.4059675 0.3997851 
KHK74      3.2669274 3.4290088 3.3026853 3.3901102 3.2362441 3.6152825 3.1029335 3.3078119 3.3194494 3.2865165 3.3276148 4.5683154 3.2949225 3.3074316 3.9094465 3.6773972 3.7967662 3.7265412 3.8031646 3.7967662 3.8031646 3.8031646 3.7964567 3.6265772 4.8557813 3.5652121 3.6090231 3.6090231 3.6090231 3.5393260 3.3400371 0.6244543 0.6539961 0.3704275 0.4752259 0.6457351 0.5763967 0.4202369 0.2758932 0.2667089 0.2644324 0.4819109 0.3826919 0.0000010 0.5312310 0.5407031 0.4837801 0.5008427 0.0000000 0.0000010 0.0020532 0.0000010 0.5431318 0.2622387 0.3795356 0.5784686 0.5763967 0.5942127 0.6003548 0.2725567 0.5834265 0.5907750 0.2773021 0.5859364 0.5971624 0.5837652 0.5991979 0.4838226 0.6215825 0.4641609 0.5017475 0.6297634 0.5767754 0.4893093 0.5809279 0.5906214 
KHK75      3.2150506 3.3703304 3.2495141 3.3324300 3.1690625 3.6210496 3.0347811 3.2530836 3.2659485 3.2337493 3.2727575 4.5971867 3.2422493 3.4188707 3.8379895 3.7152548 3.7692914 3.6586710 3.7755963 3.7278360 3.7001733 3.7341274 3.7266255 3.3780436 4.6847880 3.5514639 3.5850008 3.5850008 3.5850008 3.5414124 3.2855718 0.6257962 0.6551717 0.3720624 0.4812260 0.6352215 0.5860232 0.4287748 0.2735377 0.2644555 0.2621923 0.4839799 0.3852586 0.0000010 0.5329454 0.5361016 0.4858471 0.5029018 0.0000010 0.0000000 0.0020362 0.0000010 0.5535595 0.2621871 0.3959476 0.5775836 0.5778852 0.5956312 0.6017550 0.2702330 0.5848751 0.5922038 0.2773021 0.5873787 0.5985627 0.5852131 0.6006015 0.4856869 0.6228850 0.4641609 0.5034535 0.6310873 0.5782528 0.4995918 0.5824046 0.5850740 
KHK76      3.2678995 3.4266404 3.3029600 3.3885689 3.1986629 3.7000266 3.0833189 3.2771012 3.3193911 3.2871108 3.3273893 4.6723210 3.2953483 3.2229810 3.7964533 3.7605554 3.8783935 3.6960400 3.7365168 3.8372125 3.7123177 3.6965519 3.7628226 3.4453961 4.8359451 3.6805962 3.6684807 3.6684807 3.6684807 3.7403579 3.3395645 0.6261512 0.6550589 0.3686992 0.4798201 0.6608215 0.5834551 0.4225171 0.2724630 0.2572795 0.2613995 0.4869488 0.3895399 0.0020532 0.5436685 0.5543413 0.5151932 0.5069373 0.0020532 0.0020362 0.0000000 0.0020352 0.5568340 0.2602154 0.3926497 0.5724470 0.5858079 0.5965469 0.6025596 0.2692400 0.5926723 0.5931796 0.2734996 0.5951740 0.5994193 0.5930115 0.6014280 0.4888404 0.6171797 0.4641609 0.5221609 0.6313362 0.5861220 0.4922896 0.5835657 0.5841823 
