76
JDC24      0.0000000 0.1517444 0.8273642 3.2556712 0.0108064 0.0252675 0.8650152 2.9120577 0.6107206 0.2786808 0.5665272 3.1240831 2.5429379 2.4549924 0.2742692 0.8888574 2.1288342 2.5264635 0.2756255 2.5178504 3.5372002 2.9716271 2.2159540 0.8417739 3.1596480 0.0088399 0.2721910 2.1943842 2.8351385 2.5712390 2.9095631 0.8564322 2.3434537 2.9718632 2.4345438 0.0071661 2.8637140 0.0124498 0.8215079 2.5008872 0.8301910 3.7546760 2.9371053 2.4373662 0.2741834 2.3534738 2.4279556 0.8251127 0.8558059 2.1342045 2.9709564 2.5059703 2.9371053 0.0144269 3.8190908 0.8601262 3.3066559 0.0159641 1.1772972 0.8211379 2.3088361 3.0803504 2.2001947 3.5044492 2.5177005 2.5126416 2.8114277 0.9297701 3.1040788 2.9472759 0.8288340 0.0088394 2.3783191 3.5358713 3.1210827 0.2777272 
JDC26      0.1517444 0.0000000 1.0347704 3.4648743 0.1509542 0.1505133 1.0209782 3.3092867 0.9887294 0.4276934 0.8439695 3.8860176 3.4055632 2.2694048 0.4292801 1.0522240 2.0383946 3.3431991 0.4825828 2.3345441 4.3803387 2.6625668 2.0912374 1.0208673 2.9433353 0.1602666 0.4355611 2.1568021 3.3913957 3.2383403 2.4046670 1.0237720 2.2040570 3.8692042 2.5190885 0.1464451 3.2876027 0.1601564 0.9744403 2.4906240 1.0141055 3.8200973 3.6934960 2.3906034 0.4377498 2.3200896 2.4057529 1.0552935 1.0208673 2.1527857 3.8919571 2.3652007 3.6934960 0.1553496 3.7096757 1.0362678 3.5606084 0.1506569 1.6413718 0.9765224 2.9323706 3.6202220 2.1438234 3.2518355 3.5242205 3.4474206 3.3681735 1.2997205 3.8318904 2.7825192 1.0212517 0.1601564 2.2579463 3.4153087 4.0596270 0.4373252 
JDC9       0.8273642 1.0347704 0.0000000 2.8508721 0.8473902 0.8716957 0.0058865 2.6703367 0.0324495 0.8470124 1.0086624 2.9515262 2.7180869 2.2865773 0.8567884 0.0177032 2.0330549 2.8228573 0.8545262 2.3734445 3.4894521 4.0798110 2.0519957 0.0114380 3.6431359 0.8343475 0.8410188 2.0366660 2.6399853 2.8717835 4.0477149 0.0099598 2.1251983 3.3483861 2.3282742 0.8666754 2.6368554 0.8521334 0.2830407 2.2749608 0.0094742 3.3805792 2.8792974 2.1850458 0.8500939 2.0775699 2.2494117 0.0213338 0.0076571 1.9869192 3.0869613 2.2708501 2.8792974 0.8592524 3.4659192 0.0194339 3.4557556 0.8561242 0.2982793 1.3339570 2.5975082 3.0701439 2.0986661 3.6969915 2.6966127 2.6916556 2.5625924 0.2124364 2.9758088 2.9966289 0.0116498 0.8455554 2.1112877 3.0069306 2.8520952 0.8597196 
KHK70      3.2556712 3.4648743 2.8508721 0.0000000 3.3572734 3.2239137 2.8189094 0.5232925 2.6201477 4.3867144 4.0051367 0.6535491 0.6299909 0.3889683 4.4906735 2.9063994 0.3981091 0.6307154 3.3530113 0.4097292 0.7982832 0.8775489 0.4054955 2.8083779 0.4423194 3.3723147 4.4074864 0.3906798 0.4872966 0.6310800 0.8695912 2.8662465 0.3934597 0.5848852 0.4111331 3.3111324 0.4896389 3.3831299 3.4727580 0.3995682 2.7973999 0.7672709 0.6654581 0.3967666 4.1941210 0.3824174 0.3978359 2.7836834 2.8366214 0.3947392 0.7151304 0.4035559 0.6654581 3.4357037 0.6759700 2.8951347 0.7035116 3.3402020 4.5972281 2.9776650 0.6108043 0.6914247 0.3911833 0.7268137 0.6137619 0.6245136 0.4741832 3.3072005 0.6582879 0.6299402 2.8105553 3.2800750 0.4003799 0.3620423 0.6598584 4.2219161 
JDC22      0.0108064 0.1509542 0.8473902 3.3572734 0.0000000 0.0106790 0.8805795 3.0944368 0.6042105 0.2905230 0.5836432 3.2726939 2.5850760 2.4809271 0.2825193 0.8787282 2.2719715 2.6097656 0.2831310 2.5979411 3.5941400 3.0247292 2.2588890 0.8401676 3.2169226 0.0071406 0.2916488 2.2432957 3.0426761 2.5862802 2.9393265 0.8609520 2.4081791 3.1788031 2.6404537 0.0162149 3.0012130 0.0143546 0.8520244 2.5944321 0.8107012 3.8269703 3.1363854 2.6142597 0.2850567 2.4522775 2.5277174 0.8718975 0.8547176 2.2719715 3.3013387 2.5424797 3.1363854 0.0088479 3.9105851 0.8271454 3.3886150 0.0143365 1.2098908 0.7843207 2.4376142 3.1575062 2.2580624 3.5892960 2.6639139 2.6587423 3.0749065 0.9504007 3.2521792 3.1254434 0.8737643 0.0180946 2.4480678 3.8453554 3.2346997 0.2890866 
JDC23      0.0252675 0.1505133 0.8716957 3.2239137 0.0106790 0.0000000 0.8793233 3.0576105 0.6232708 0.2847447 0.5789160 3.1803907 2.4976076 2.4598371 0.2945028 0.8716771 2.2087526 2.6392912 0.2671450 2.5618154 3.5737184 2.8665181 2.2090816 0.8392067 3.2427087 0.0124220 0.2891417 2.2138906 3.0004583 2.6232425 2.9096267 0.8438746 2.3267025 3.1359488 2.5140415 0.0106754 3.0228067 0.0069545 0.8473655 2.5513510 0.8500259 3.8061727 3.1536919 2.5453053 0.2951601 2.3975876 2.5396931 0.8687040 0.8902062 2.2360967 3.1945692 2.4712019 3.1536919 0.0160653 3.7004712 0.8466086 3.3511806 0.0156594 1.2366878 0.8259229 2.4309082 3.0559885 2.1846884 3.5102372 2.6118666 2.6504973 2.9854258 0.9224115 3.1023586 3.1078322 0.8554942 0.0141199 2.3488070 3.7094877 3.1678440 0.2940257 
JDC4       0.8650152 1.0209782 0.0058865 2.8189094 0.8805795 0.8793233 0.0000000 2.7301110 0.0223109 0.8618154 1.0352251 3.0100385 2.6732953 2.2565459 0.8618154 0.0039096 1.9704484 2.7119798 0.8823304 2.2662526 3.3978504 4.0268827 1.9756652 0.0058909 3.7981902 0.8615646 0.8525897 2.0206528 2.6913010 2.7600501 3.9344810 0.0120381 2.0149946 3.4389717 2.2244783 0.8647412 2.6521276 0.8779687 0.2776609 2.2708707 0.0058865 3.4059088 2.8922700 2.1336680 0.8437431 2.0398130 2.2575092 0.0039084 0.0058935 2.0044739 3.1807483 2.1379983 2.8922700 0.8616052 3.5148118 0.0078837 3.4519591 0.8602908 0.2871907 1.3256194 2.6194020 3.1591622 2.0153668 3.7928884 2.6822765 2.7068465 2.7060432 0.2028709 2.9438236 3.0784710 0.0039161 0.8766181 2.0514739 3.0099001 2.9018826 0.8695195 
KHK72      2.9120577 3.3092867 2.6703367 0.5232925 3.0944368 3.0576105 2.7301110 0.0000000 2.4367671 3.6773978 3.4178872 0.5616004 0.6038797 0.4636347 3.6983566 2.8255493 0.4897651 0.6091433 3.1731455 0.4693637 0.8940154 0.8827447 0.5277882 2.6767094 0.3581630 2.9944274 3.6698602 0.4909418 0.0109977 0.6115613 0.8721565 2.6975206 0.4858698 0.5874777 0.4771254 2.9878754 0.0022207 3.0471113 3.6849757 0.4677823 2.6448224 0.8159609 0.5493359 0.4726196 3.5563070 0.4651487 0.4670162 2.7250294 2.7976271 0.4893060 0.5422026 0.4811521 0.5493359 2.9411693 0.7385677 2.7130753 0.6093902 2.8439247 3.8672342 3.1897003 0.5552667 0.5287107 0.5026383 0.7681647 0.6046042 0.5936481 0.0089100 2.6251886 0.5638919 0.7342666 2.7157336 2.8898189 0.4827280 0.5182801 0.5906895 3.7014881 
JDC7       0.6107206 0.9887294 0.0324495 2.6201477 0.6042105 0.6232708 0.0223109 2.4367671 0.0000000 0.5876444 0.7283072 2.6825343 2.4138412 2.1575418 0.5780638 0.0257090 1.9338918 2.4131935 0.5501415 2.2000145 2.9976401 3.5836236 1.8913989 0.0323042 3.3796659 0.6076753 0.5887151 1.9495446 2.4777687 2.4058546 3.3981085 0.0289917 1.9538913 3.0505380 2.2037334 0.6140072 2.3931913 0.6221064 0.1462281 2.1802866 0.0256010 2.8841356 2.6034673 2.1175321 0.5697748 1.9259999 2.2098920 0.0289349 0.0224318 1.9879112 2.8219072 2.0461356 2.6034673 0.6045850 2.7129807 0.0189677 3.4064702 0.6034724 0.2785628 1.3123624 2.3461611 2.7181618 1.9175279 3.0147254 2.4549785 2.4318237 2.4971652 0.3622554 2.6034673 2.8000073 0.0323796 0.6127749 1.9829152 2.7671513 2.6446703 0.5779692 
JDC28      0.2786808 0.4276934 0.8470124 4.3867144 0.2905230 0.2847447 0.8618154 3.6773978 0.5876444 0.0000000 0.6653630 3.4115465 3.2594831 3.2962087 0.0053733 0.8625642 2.9039083 3.0986204 0.1097596 3.1347750 4.0657006 3.6261154 2.9937058 0.8719509 3.8349672 0.2929423 0.0088608 2.9779927 3.6490366 3.0255355 3.6247684 0.8612179 2.9245294 3.3803357 3.4075292 0.2709633 3.6972153 0.2846965 0.8087362 3.3307137 0.8580966 4.3387523 3.4453200 3.0871089 0.0090783 2.7950112 3.2908597 0.8435283 0.8445547 2.9659538 3.5748690 3.0568355 3.4453200 0.2841262 4.2768501 0.8525575 4.3705939 0.2769170 1.0949439 0.7635227 3.0797461 3.3690537 3.0288124 4.4715043 3.1290517 3.0731974 3.5159788 0.9261498 3.3799081 3.5979941 0.8375617 0.2775276 2.8370270 4.3670360 3.3971833 0.0106980 
JDC6       0.5665272 0.8439695 1.0086624 4.0051367 0.5836432 0.5789160 1.0352251 3.4178872 0.7283072 0.6653630 0.0000000 4.3905766 3.3306812 4.0641322 0.6665090 1.0439355 3.5566348 3.4810248 0.6311924 3.8745838 3.7949291 4.0944024 3.5704158 1.0151444 3.8693087 0.5862602 0.6529322 3.4580460 3.2591658 3.4840488 4.2590595 0.9960085 3.5438823 4.1443387 4.1641467 0.5530212 3.4131180 0.5554596 0.9468900 3.9671974 1.0201492 3.4754697 4.4460255 3.8461117 0.6885072 3.4574877 4.0952702 0.9778324 1.0121393 3.4863333 4.2161243 3.9262983 4.4460255 0.5760369 4.1741011 1.0215288 3.5473286 0.5790008 1.3249379 0.9463692 3.2432916 4.1788975 3.5171144 4.5954969 3.4555573 3.4417918 3.2049492 1.0369937 4.2763078 4.4380360 0.9743871 0.5498434 3.4796504 4.0001643 4.3442092 0.6830251 
KHK77      3.1240831 3.8860176 2.9515262 0.6535491 3.2726939 3.1803907 3.0100385 0.5616004 2.6825343 3.4115465 4.3905766 0.0000000 0.3289992 0.7524685 3.4364160 3.1036841 0.6895361 0.3245582 3.4619920 0.7577344 0.5302232 0.8642720 0.7498044 3.0132131 0.4803455 3.1583909 3.5280908 0.6847640 0.5444856 0.3212264 0.8720052 3.0032047 0.6797973 0.6803015 0.7533646 3.0787277 0.5697017 3.1207000 3.6851923 0.7231989 2.9703900 0.5117455 0.0041234 0.7605080 3.4957242 0.6527785 0.7454337 2.9737087 3.0203451 0.6888132 0.6749324 0.7773799 0.0041234 3.1249145 0.5066609 3.0403089 0.7822211 3.0717723 3.6795039 4.5001642 0.3336940 0.6566837 0.6930873 0.4763235 0.3228953 0.3106319 0.5365318 3.0650850 0.0020409 0.5301872 3.0077397 2.9667297 0.6680315 0.7178721 0.0082283 3.6234092 
VB9        2.5429379 3.4055632 2.7180869 0.6299909 2.5850760 2.4976076 2.6732953 0.6038797 2.4138412 3.2594831 3.3306812 0.3289992 0.0000000 0.6706160 3.3410470 2.7273349 0.6335148 0.0306293 2.9638084 0.7010643 0.5746320 0.9813429 0.6702178 2.7363203 0.5219773 2.6084904 3.3495867 0.6161987 0.5742583 0.0285357 0.9737733 2.6709621 0.6099610 0.7669243 0.6867953 2.4679297 0.5842105 2.5791745 3.1144728 0.6893900 2.7412008 0.4977509 0.3423402 0.6744076 3.3434517 0.6066629 0.6936964 2.7323986 2.7415767 0.6289109 0.7654601 0.6828931 0.3423402 2.6213175 0.5357641 2.7856402 0.8816439 2.4804246 3.4940112 3.6705177 0.0102209 0.7401519 0.6056542 0.5728214 0.0286867 0.0264931 0.5584461 2.7325895 0.3350948 0.6131831 2.6720747 2.5035468 0.6256609 0.6865096 0.3375592 3.3929846 
VB13       2.4549924 2.2694048 2.2865773 0.3889683 2.4809271 2.4598371 2.2565459 0.4636347 2.1575418 3.2962087 4.0641322 0.7524685 0.6706160 0.0000000 3.3758377 2.2816427 0.0947266 0.6844127 2.8240002 0.0185634 0.8294022 0.7708698 0.0981353 2.2948979 0.4304968 2.5208639 3.4088575 0.0997925 0.4465858 0.6772533 0.7500686 2.2715553 0.0837213 0.4868003 0.0054228 2.4313120 0.4507428 2.5795239 3.2475138 0.0054234 2.2584454 0.8146375 0.7422658 0.0284182 3.3919237 0.0890725 0.0036002 2.2676608 2.2944092 0.0997429 0.5428287 0.0266284 0.7422658 2.5028643 0.6877299 2.2465961 0.5794712 2.4335654 3.3016145 2.7060735 0.6527324 0.5227480 0.0995320 0.6930101 0.6990373 0.6922164 0.4394872 2.5939355 0.7500064 0.6013563 2.2511711 2.5079433 0.0860105 0.2728482 0.7530375 3.4323434 
JDC31      0.2742692 0.4292801 0.8567884 4.4906735 0.2825193 0.2945028 0.8618154 3.6983566 0.5780638 0.0053733 0.6665090 3.4364160 3.3410470 3.3758377 0.0000000 0.8854478 2.9465646 3.2057720 0.1137245 3.1750159 4.2226516 3.9796305 3.0031692 0.8767336 3.7795074 0.2911456 0.0071497 2.9924771 3.6077743 3.1304865 3.7898833 0.8699912 2.9911691 3.3456213 3.5349724 0.2692104 3.7192692 0.2864441 0.8033450 3.3685570 0.8470613 4.3426424 3.4106472 3.0967152 0.0106689 2.8844160 3.3549865 0.8621907 0.8462236 2.9823722 3.5617835 3.1459407 3.4106472 0.2735996 4.5436389 0.8746214 4.3915763 0.2690260 1.0746551 0.7936109 3.1270135 3.4566969 3.0518152 4.5365734 3.2153031 3.1107931 3.6148671 0.9453240 3.4704862 3.6298677 0.8311435 0.2796241 2.9668033 4.5628124 3.5296775 0.0106196 
JDC2       0.8888574 1.0522240 0.0177032 2.9063994 0.8787282 0.8716771 0.0039096 2.8255493 0.0257090 0.8625642 1.0439355 3.1036841 2.7273349 2.2816427 0.8854478 0.0000000 2.0936737 2.8818673 0.8984479 2.4757609 3.5017243 4.1258516 2.0486708 0.0157346 3.8600333 0.8732657 0.8571433 2.1257138 2.6357390 2.9332482 4.0873266 0.0099637 2.1285402 3.3610010 2.3837173 0.8765425 2.6941242 0.8926091 0.2708711 2.3616011 0.0156966 3.5025654 2.9312518 2.2229585 0.8728271 2.1140132 2.3291775 0.0177278 0.0238893 2.0522027 3.1406206 2.2707373 2.9312518 0.9063054 3.5985733 0.0158068 3.5550718 0.8791212 0.2961017 1.3654628 2.7171033 3.2177793 2.1258512 3.8001196 2.7403756 2.8204796 2.7459249 0.2041904 3.0324781 3.1144732 0.0038889 0.8932362 2.1783737 3.1981142 2.9456172 0.9008071 
VB2        2.1288342 2.0383946 2.0330549 0.3981091 2.2719715 2.2087526 1.9704484 0.4897651 1.9338918 2.9039083 3.5566348 0.6895361 0.6335148 0.0947266 2.9465646 2.0936737 0.0000000 0.6418311 2.4581615 0.0984012 0.8245975 0.7475882 0.0055819 2.0938237 0.4281281 2.1953041 2.9215082 0.0035997 0.4679773 0.6441186 0.7199359 2.0436367 0.0505484 0.5138283 0.0980424 2.2097250 0.4773759 2.2419251 2.7516693 0.1029483 2.0473223 0.7938162 0.6700909 0.0869487 2.8148872 0.0627537 0.0976441 2.0938237 2.1018802 0.0017859 0.5558320 0.0919419 0.6700909 2.1786249 0.6913141 2.1361525 0.5681401 2.0961269 2.9665411 3.8386675 0.5934569 0.5523682 0.0071836 0.7326612 0.6465699 0.6402326 0.4666603 2.3061459 0.6915851 0.5611649 2.0243537 2.1583902 0.0565944 0.3157764 0.7007356 2.9860143 
KHK61      2.5264635 3.3431991 2.8228573 0.6307154 2.6097656 2.6392912 2.7119798 0.6091433 2.4131935 3.0986204 3.4810248 0.3245582 0.0306293 0.6844127 3.2057720 2.8818673 0.6418311 0.0000000 3.0885961 0.7187004 0.5359724 1.0036448 0.6869661 2.8342252 0.5222546 2.6042237 3.0573230 0.6516738 0.5797079 0.0019386 0.9914577 2.8430325 0.6386155 0.7852601 0.7124313 2.5693888 0.5827899 2.7276868 3.2161613 0.7178879 2.7996352 0.4811146 0.3248921 0.6902954 3.0582495 0.6329730 0.7008738 2.7955267 2.8474424 0.6447385 0.7525098 0.7078957 0.3248921 2.5969136 0.5292963 2.8041366 0.8726356 2.5479370 3.5635943 3.8805489 0.0251021 0.7270155 0.6332282 0.5800585 0.0079053 0.0058942 0.5638901 2.9072927 0.3263997 0.6045524 2.7422850 2.6458423 0.6481064 0.6845450 0.3287171 3.1540486 
JDC33      0.2756255 0.4825828 0.8545262 3.3530113 0.2831310 0.2671450 0.8823304 3.1731455 0.5501415 0.1097596 0.6311924 3.4619920 2.9638084 2.8240002 0.1137245 0.8984479 2.4581615 3.0885961 0.0000000 2.6265450 3.7509076 3.3891750 2.5090431 0.8350899 3.3781912 0.2811855 0.1113147 2.4255341 3.3295529 3.0697330 3.4483904 0.8252397 2.3878073 3.0446932 2.8162808 0.2736181 3.2975602 0.2592088 0.8393974 2.7746727 0.8472849 3.9857593 3.6277866 2.6532432 0.1129967 2.3727554 2.8187407 0.8566868 0.8577898 2.4518692 3.2056881 2.5687663 3.6277866 0.2843646 4.4551548 0.8415613 4.0562709 0.2730952 1.1923445 0.8614808 2.9657459 3.1629872 2.4347295 4.1609670 2.9324242 2.9841668 3.2920359 0.9651836 3.5638553 3.3977043 0.8468018 0.2590510 2.3765439 3.7326350 3.5014456 0.1104800 
VB16       2.5178504 2.3345441 2.3734445 0.4097292 2.5979411 2.5618154 2.2662526 0.4693637 2.2000145 3.1347750 3.8745838 0.7577344 0.7010643 0.0185634 3.1750159 2.4757609 0.0984012 0.7187004 2.6265450 0.0000000 0.8647844 0.7828732 0.1006135 2.3819165 0.4401906 2.4987632 3.1619833 0.0973254 0.4445998 0.7113575 0.7604332 2.2019136 0.0807669 0.4806904 0.0217301 2.5343076 0.4538470 2.5251195 3.3586065 0.0183571 2.3443447 0.8207435 0.7548401 0.0200353 3.0758586 0.0853404 0.0202110 2.3178255 2.4036501 0.0972776 0.5517002 0.0180462 0.7548401 2.5247248 0.6966449 2.3369452 0.5781371 2.4556300 3.2951366 3.8047060 0.6567032 0.5419535 0.1035647 0.7081933 0.7268992 0.7116919 0.4432890 2.6709741 0.7626126 0.5911032 2.3102447 2.4582625 0.0759419 0.2712574 0.7997594 3.1185227 
VBinfinity 3.5372002 4.3803387 3.4894521 0.7982832 3.5941400 3.5737184 3.3978504 0.8940154 2.9976401 4.0657006 3.7949291 0.5302232 0.5746320 0.8294022 4.2226516 3.5017243 0.8245975 0.5359724 3.7509076 0.8647844 0.0000000 1.1960448 0.8721213 3.5424046 0.6943560 3.6423747 4.0735885 0.8280125 0.8521212 0.5417821 1.2030289 3.3390564 0.8509103 0.9243989 0.8446042 3.6655847 0.8549127 3.7854166 4.2148434 0.8701382 3.5424046 0.2155720 0.5276568 0.8560028 4.1367186 0.8410336 0.8396639 3.4802545 3.5168897 0.8196586 0.9289312 0.8709000 0.5276568 3.6423747 0.6194577 3.5858564 1.0334942 3.5593323 3.9436482 5.1441826 0.5429012 0.9054549 0.8286673 0.6546246 0.5487952 0.5529420 0.8121788 3.4755121 0.5337485 0.6222186 3.4163072 3.6572393 0.8570971 0.8913478 0.5565631 4.2226516 
KHK29      2.9716271 2.6625668 4.0798110 0.8775489 3.0247292 2.8665181 4.0268827 0.8827447 3.5836236 3.6261154 4.0944024 0.8642720 0.9813429 0.7708698 3.9796305 4.1258516 0.7475882 1.0036448 3.3891750 0.7828732 1.1960448 0.0000000 0.7948844 4.0930751 0.7017783 3.0024769 3.8389904 0.7311766 0.8504205 0.9979218 0.0054340 3.8599229 0.7670628 0.7255542 0.7907272 2.9025172 0.8895192 2.9707044 4.6467429 0.7687064 4.1633862 1.0151694 0.8627925 0.7834193 4.0004640 0.7704177 0.7685107 3.9478636 4.0442322 0.7312804 0.9202988 0.7861493 0.8627925 3.0136488 0.9859073 4.1699760 0.8278891 3.0035971 4.8718473 3.0256912 0.9583089 0.8745084 0.7547583 0.9711414 1.0019059 1.0153491 0.8462544 3.5878057 0.8592379 0.9956389 3.9213222 2.8861666 0.7546425 0.9202727 0.8617557 4.0621634 
KHK92      2.2159540 2.0912374 2.0519957 0.4054955 2.2588890 2.2090816 1.9756652 0.5277882 1.8913989 2.9937058 3.5704158 0.7498044 0.6702178 0.0981353 3.0031692 2.0486708 0.0055819 0.6869661 2.5090431 0.1006135 0.8721213 0.7948844 0.0000000 2.0519957 0.4487422 2.2457497 2.9758629 0.0074905 0.5068602 0.6795871 0.7682687 1.9698762 0.0528264 0.5549853 0.1032506 2.2303668 0.5029574 2.2457497 2.7402100 0.1075343 2.0519957 0.8146570 0.7391993 0.0930915 3.0475285 0.0676405 0.1069948 2.0480829 2.0369584 0.0074905 0.5959344 0.0930777 0.7391993 2.2477098 0.7370415 2.0627512 0.6036656 2.2112027 2.8783923 3.8844226 0.6512110 0.5910236 0.0055907 0.7726889 0.6907442 0.6957683 0.4935125 2.2819270 0.7472411 0.6053355 1.9874922 2.2457497 0.0550156 0.3233905 0.7497852 2.9520671 
JDC10      0.8417739 1.0208673 0.0114380 2.8083779 0.8401676 0.8392067 0.0058909 2.6767094 0.0323042 0.8719509 1.0151444 3.0132131 2.7363203 2.2948979 0.8767336 0.0157346 2.0938237 2.8342252 0.8350899 2.3819165 3.5424046 4.0930751 2.0519957 0.0000000 3.6718774 0.8373678 0.8580860 2.0494772 2.6970762 2.8833853 4.0634783 0.0059358 2.1384020 3.4197285 2.3703396 0.8565177 2.6778965 0.8340069 0.2866113 2.3145118 0.0055835 3.4336792 2.9886839 2.2520273 0.8749266 2.0991565 2.3196396 0.0133519 0.0095482 2.0196787 3.0988278 2.2808995 2.9886839 0.8421530 3.5448037 0.0174429 3.4695338 0.8635917 0.2991919 1.3385966 2.6492138 3.1295883 2.1118084 3.7153486 2.6611710 2.7446796 2.6736804 0.2187979 3.0411340 3.0576728 0.0096293 0.8578702 2.1200632 3.1097909 2.8642932 0.8844577 
KHK65      3.1596480 2.9433353 3.6431359 0.4423194 3.2169226 3.2427087 3.7981902 0.3581630 3.3796659 3.8349672 3.8693087 0.4803455 0.5219773 0.4304968 3.7795074 3.8600333 0.4281281 0.5222546 3.3781912 0.4401906 0.6943560 0.7017783 0.4487422 3.6718774 0.0000000 3.2643352 3.7528633 0.4167735 0.3630886 0.5225828 0.7102135 3.8329300 0.4279176 0.5408679 0.4341262 3.1250402 0.3598594 3.3057041 3.8636318 0.4285806 3.6478148 0.5872012 0.4867583 0.4346478 3.7192030 0.4245102 0.4284341 3.6790657 3.7076428 0.4281281 0.5217889 0.4409293 0.4867583 3.2356732 0.5642596 3.7200594 0.5477352 3.2506379 4.9027808 2.9288237 0.5366765 0.5045587 0.4154189 0.5906801 0.5153827 0.5218570 0.3340298 3.5112387 0.4803455 0.6145312 3.5849757 3.1817716 0.4390458 0.4160442 0.4790118 3.6929676 
JDC19      0.0088399 0.1602666 0.8343475 3.3723147 0.0071406 0.0124220 0.8615646 2.9944274 0.6076753 0.2929423 0.5862602 3.1583909 2.6084904 2.5208639 0.2911456 0.8732657 2.1953041 2.6042237 0.2811855 2.4987632 3.6423747 3.0024769 2.2457497 0.8373678 3.2643352 0.0000000 0.2862083 2.2312543 2.8214783 2.6506196 2.9946034 0.8609520 2.3669844 2.9575244 2.4589507 0.0163822 2.8985413 0.0124022 0.8580301 2.5296124 0.8259442 3.8844700 2.9234433 2.5003465 0.2834749 2.3757806 2.4871950 0.8347484 0.8679111 2.1874811 3.0342791 2.4915396 2.9234433 0.0125410 3.9088427 0.8366601 3.3403720 0.0142465 1.1639455 0.8671527 2.3768173 3.1469658 2.2534250 3.6000492 2.5490411 2.5439636 2.9007845 0.9545314 3.0888141 2.9848418 0.8599446 0.0160693 2.3611605 3.5630204 3.2101049 0.2907480 
JDC30      0.2721910 0.4355611 0.8410188 4.4074864 0.2916488 0.2891417 0.8525897 3.6698602 0.5887151 0.0088608 0.6529322 3.5280908 3.3495867 3.4088575 0.0071497 0.8571433 2.9215082 3.0573230 0.1113147 3.1619833 4.0735885 3.8389904 2.9758629 0.8580860 3.7528633 0.2862083 0.0000000 3.0028710 3.7072129 3.1452265 3.8307237 0.8702986 2.9043585 3.4305764 3.4237309 0.2683110 3.6127553 0.2854558 0.7982609 3.4317372 0.8452326 4.2826162 3.4951382 3.0588269 0.0071862 2.9304842 3.3796683 0.8390485 0.8394337 2.9834053 3.5898554 3.0840792 3.4951382 0.2777415 4.5230281 0.8529055 4.3664942 0.2741553 1.0803344 0.7860220 3.1796460 3.5062316 2.9625992 4.4670402 3.1714387 3.1146686 3.5039379 0.9168671 3.4951382 3.6558096 0.8230442 0.2817937 2.9070957 4.5431980 3.5457285 0.0104707 
AB101      2.1943842 2.1568021 2.0366660 0.3906798 2.2432957 2.2138906 2.0206528 0.4909418 1.9495446 2.9779927 3.4580460 0.6847640 0.6161987 0.0997925 2.9924771 2.1257138 0.0035997 0.6516738 2.4255341 0.0973254 0.8280125 0.7311766 0.0074905 2.0494772 0.4167735 2.2312543 3.0028710 0.0000000 0.4762385 0.6474210 0.7338083 2.0180667 0.0489544 0.5223033 0.1019395 2.2041493 0.4825713 2.2120570 2.8512226 0.0984496 2.0552356 0.7820513 0.6884777 0.0947613 2.9926133 0.0606321 0.1030225 2.0474614 2.0452684 0.0035926 0.5651692 0.0931978 0.6884777 2.2429464 0.6945777 2.1151167 0.5677956 2.1839726 2.9652706 3.8971108 0.6104824 0.5581779 0.0054281 0.7138174 0.6464475 0.6448736 0.4692506 2.2100142 0.6889991 0.5610026 2.0402883 2.1560117 0.0510781 0.3059485 0.7006906 3.0339148 
KHK64      2.8351385 3.3913957 2.6399853 0.4872966 3.0426761 3.0004583 2.6913010 0.0109977 2.4777687 3.6490366 3.2591658 0.5444856 0.5742583 0.4465858 3.6077743 2.6357390 0.4679773 0.5797079 3.3295529 0.4445998 0.8521212 0.8504205 0.5068602 2.6970762 0.3630886 2.8214783 3.7072129 0.4762385 0.0000000 0.5820262 0.8617577 2.7061155 0.4559941 0.5555872 0.4411772 3.0096209 0.0044576 2.9948306 3.4490700 0.4416898 2.7039930 0.7987867 0.5297315 0.4409564 3.5364741 0.4444018 0.4405303 2.5773010 2.7995012 0.4619521 0.5013403 0.4455542 0.5297315 2.9444796 0.7322301 2.7785971 0.5996511 2.8921555 3.6845824 3.0715573 0.5535358 0.5162496 0.4825487 0.7453191 0.5606551 0.5625051 0.0088825 2.5499575 0.5428668 0.6886143 2.6471700 2.8393738 0.4511494 0.4797351 0.5476294 3.8300987 
KHK63      2.5712390 3.2383403 2.8717835 0.6310800 2.5862802 2.6232425 2.7600501 0.6115613 2.4058546 3.0255355 3.4840488 0.3212264 0.0285357 0.6772533 3.1304865 2.9332482 0.6441186 0.0019386 3.0697330 0.7113575 0.5417821 0.9979218 0.6795871 2.8833853 0.5225828 2.6506196 3.1452265 0.6474210 0.5820262 0.0000000 0.9808315 2.7970603 0.6389785 0.7887262 0.7150873 2.5536956 0.5904393 2.7110816 3.2546102 0.7134337 2.8287720 0.4813518 0.3258403 0.6928275 3.0935992 0.6287762 0.7034706 2.8437452 2.8499767 0.6470476 0.7555393 0.7005887 0.3258403 2.6241648 0.5252353 2.7990647 0.8732533 2.5743590 3.6493989 3.8643509 0.0251541 0.7223067 0.6335891 0.5803783 0.0079208 0.0059057 0.5661497 2.9099501 0.3230494 0.6068923 2.7895911 2.6297505 0.6427329 0.6870798 0.3249959 3.1321979 
KHK1       2.9095631 2.4046670 4.0477149 0.8695912 2.9393265 2.9096267 3.9344810 0.8721565 3.3981085 3.6247684 4.2590595 0.8720052 0.9737733 0.7500686 3.7898833 4.0873266 0.7199359 0.9914577 3.4483904 0.7604332 1.2030289 0.0054340 0.7682687 4.0634783 0.7102135 2.9946034 3.8307237 0.7338083 0.8617577 0.9808315 0.0000000 3.9155170 0.7560366 0.7349385 0.7674044 2.8720008 0.8901910 3.0682610 4.5645828 0.7694973 3.9715282 1.0305707 0.8561809 0.7598122 3.8110168 0.7787346 0.7630375 3.9939435 4.1026403 0.7333939 0.9169872 0.7632560 0.8561809 2.9671444 0.9931341 3.9965305 0.8284162 2.8746107 4.7900082 2.6557610 0.9510172 0.8850094 0.7437990 0.9853545 1.0117229 1.0081160 0.8646517 3.7255915 0.8626882 0.9958628 3.9451528 2.9732375 0.7619672 0.8974991 0.8780381 3.8584777 
JDC8       0.8564322 1.0237720 0.0099598 2.8662465 0.8609520 0.8438746 0.0120381 2.6975206 0.0289917 0.8612179 0.9960085 3.0032047 2.6709621 2.2715553 0.8699912 0.0099637 2.0436367 2.8430325 0.8252397 2.2019136 3.3390564 3.8599229 1.9698762 0.0059358 3.8329300 0.8609520 0.8702986 2.0180667 2.7061155 2.7970603 3.9155170 0.0000000 2.0062208 3.4819761 2.3167913 0.8527220 2.7199520 0.8344826 0.2839803 2.2692283 0.0079247 3.3540820 3.0288725 2.1875240 0.8778431 1.9925794 2.3168434 0.0079251 0.0099889 1.9999166 3.1354787 2.1293360 3.0288725 0.8527220 3.4951974 0.0119682 3.4599034 0.8520682 0.3114663 1.3231389 2.7017181 3.1202074 2.0220146 3.7351684 2.8094824 2.7932574 2.6782602 0.2018504 2.9754356 3.0176512 0.0099876 0.8438206 1.9342503 3.1174202 2.9312792 0.8711989 
VB5        2.3434537 2.2040570 2.1251983 0.3934597 2.4081791 2.3267025 2.0149946 0.4858698 1.9538913 2.9245294 3.5438823 0.6797973 0.6099610 0.0837213 2.9911691 2.1285402 0.0505484 0.6386155 2.3878073 0.0807669 0.8509103 0.7670628 0.0528264 2.1384020 0.4279176 2.3669844 2.9043585 0.0489544 0.4559941 0.6389785 0.7560366 2.0062208 0.0000000 0.5030036 0.0783998 2.3441444 0.4601741 2.3916602 2.9135368 0.0827874 2.1327227 0.7935824 0.6702850 0.0723415 2.7815415 0.0146968 0.0848636 2.0872663 2.0906460 0.0532655 0.5577220 0.0676943 0.6702850 2.4233163 0.6417148 2.1350789 0.5727064 2.3355838 2.9315071 3.3585695 0.5861115 0.5512708 0.0484979 0.6877377 0.6345139 0.6450298 0.4540738 2.1863561 0.6708910 0.5844719 2.0574404 2.3295629 0.0070679 0.3126365 0.7034892 2.8540606 
KHK86      2.9718632 3.8692042 3.3483861 0.5848852 3.1788031 3.1359488 3.4389717 0.5874777 3.0505380 3.3803357 4.1443387 0.6803015 0.7669243 0.4868003 3.3456213 3.3610010 0.5138283 0.7852601 3.0446932 0.4806904 0.9243989 0.7255542 0.5549853 3.4197285 0.5408679 2.9575244 3.4305764 0.5223033 0.5555872 0.7887262 0.7349385 3.4819761 0.5030036 0.0000000 0.4779179 3.1453023 0.5878455 3.1304531 4.0483114 0.4776312 3.4250433 0.8830744 0.6554241 0.4768679 3.2831621 0.4873525 0.4764096 3.2634007 3.5702307 0.4981486 0.4429139 0.4819834 0.6554241 3.0796771 0.7110362 3.4670082 0.4669679 3.0269060 3.8755647 2.7378576 0.7335608 0.4639987 0.5287046 0.7497303 0.7513577 0.7632237 0.5695449 3.1665315 0.6777774 0.6663038 3.3552452 2.9737588 0.4962955 0.5376434 0.6754534 3.5356718 
VB18       2.4345438 2.5190885 2.3282742 0.4111331 2.6404537 2.5140415 2.2244783 0.4771254 2.2037334 3.4075292 4.1641467 0.7533646 0.6867953 0.0054228 3.5349724 2.3837173 0.0980424 0.7124313 2.8162808 0.0217301 0.8446042 0.7907272 0.1032506 2.3703396 0.4341262 2.4589507 3.4237309 0.1019395 0.4411772 0.7150873 0.7674044 2.3167913 0.0783998 0.4779179 0.0000000 2.5350793 0.4435692 2.5864926 3.3165534 0.0071556 2.4103422 0.8161951 0.7338439 0.0296019 3.2660835 0.0945804 0.0071319 2.3114516 2.3667910 0.1035006 0.5447208 0.0257847 0.7338439 2.5478296 0.7014835 2.3630076 0.5850946 2.4538888 3.0860445 3.2306706 0.6552293 0.5443459 0.1034557 0.7011570 0.6957047 0.7100764 0.4365262 2.6407621 0.7482436 0.5949350 2.2802934 2.4773018 0.0847893 0.2783774 0.7577848 3.3548299 
JDC21      0.0071661 0.1464451 0.8666754 3.3111324 0.0162149 0.0106754 0.8647412 2.9878754 0.6140072 0.2709633 0.5530212 3.0787277 2.4679297 2.4313120 0.2692104 0.8765425 2.2097250 2.5693888 0.2736181 2.5343076 3.6655847 2.9025172 2.2303668 0.8565177 3.1250402 0.0163822 0.2683110 2.2041493 3.0096209 2.5536956 2.8720008 0.8527220 2.3441444 3.1453023 2.5350793 0.0000000 2.9709344 0.0106807 0.8173557 2.4541664 0.8509185 3.6904077 3.0522331 2.4706328 0.2812669 2.3234033 2.4964098 0.8371012 0.8465349 2.2578328 3.3023825 2.4776401 3.0522331 0.0106754 3.6494088 0.8531053 3.2817581 0.0088647 1.2366878 0.8110125 2.3823569 3.0460151 2.1995700 3.4691534 2.5815726 2.5376094 2.8824054 0.9072181 3.0038213 3.0942776 0.8249203 0.0106959 2.3875895 3.7315222 3.1318607 0.2801764 
KHK73      2.8637140 3.2876027 2.6368554 0.4896389 3.0012130 3.0228067 2.6521276 0.0022207 2.3931913 3.6972153 3.4131180 0.5697017 0.5842105 0.4507428 3.7192692 2.6941242 0.4773759 0.5827899 3.2975602 0.4538470 0.8549127 0.8895192 0.5029574 2.6778965 0.3598594 2.8985413 3.6127553 0.4825713 0.0044576 0.5904393 0.8901910 2.7199520 0.4601741 0.5878455 0.4435692 2.9709344 0.0000000 3.0700218 3.5456670 0.4536761 2.6778965 0.8001560 0.5560554 0.4491511 3.4899654 0.4565563 0.4434409 2.6405791 2.7564388 0.4768064 0.5354823 0.4492042 0.5560554 2.9552180 0.7565529 2.6880920 0.6057840 2.9049132 3.6257136 3.0134734 0.5717922 0.5377108 0.4875253 0.7744911 0.5677623 0.5811198 0.0045169 2.6492666 0.5631259 0.7271231 2.6723677 2.9579771 0.4651109 0.4926680 0.5619085 3.6439527 
JDC16      0.0124498 0.1601564 0.8521334 3.3831299 0.0143546 0.0069545 0.8779687 3.0471113 0.6221064 0.2846965 0.5554596 3.1207000 2.5791745 2.5795239 0.2864441 0.8926091 2.2419251 2.7276868 0.2592088 2.5251195 3.7854166 2.9707044 2.2457497 0.8340069 3.3057041 0.0124022 0.2854558 2.2120570 2.9948306 2.7110816 3.0682610 0.8344826 2.3916602 3.1304531 2.5864926 0.0106807 3.0700218 0.0000000 0.8478843 2.5072247 0.8447729 3.8800856 3.1483024 2.6261526 0.2906968 2.3614875 2.6147144 0.8495538 0.8605662 2.2342312 3.1572641 2.5445681 3.1483024 0.0124216 3.8435154 0.8481167 3.3966456 0.0140771 1.2175419 0.8458560 2.4349385 3.1623447 2.2504186 3.5705842 2.6391714 2.6002902 3.0406561 0.9080745 3.0970682 3.0451342 0.8468771 0.0086727 2.3167288 3.6446017 3.1567082 0.2899292 
JDC15      0.8215079 0.9744403 0.2830407 3.4727580 0.8520244 0.8473655 0.2776609 3.6849757 0.1462281 0.8087362 0.9468900 3.6851923 3.1144728 3.2475138 0.8033450 0.2708711 2.7516693 3.2161613 0.8393974 3.3586065 4.2148434 4.6467429 2.7402100 0.2866113 3.8636318 0.8580301 0.7982609 2.8512226 3.4490700 3.2546102 4.5645828 0.2839803 2.9135368 4.0483114 3.3165534 0.8173557 3.5456670 0.8478843 0.0000000 3.3923184 0.2873246 3.6982157 3.6526468 3.0097804 0.7982609 3.0276838 3.3163128 0.2706574 0.2802417 2.7540464 3.5360354 3.0485973 3.6526468 0.8564301 4.0355807 0.3015766 4.5294912 0.8230036 0.5041382 1.3130364 3.2582910 3.6068974 2.7456064 4.0944339 3.1736847 3.2249118 3.4774525 0.4802307 3.7927480 3.7087895 0.2644669 0.8409599 2.9681527 3.5528266 3.4910888 0.8127276 
VB15       2.5008872 2.4906240 2.2749608 0.3995682 2.5944321 2.5513510 2.2708707 0.4677823 2.1802866 3.3307137 3.9671974 0.7231989 0.6893900 0.0054234 3.3685570 2.3616011 0.1029483 0.7178879 2.7746727 0.0183571 0.8701382 0.7687064 0.1075343 2.3145118 0.4285806 2.5296124 3.4317372 0.0984496 0.4416898 0.7134337 0.7694973 2.2692283 0.0827874 0.4776312 0.0071556 2.4541664 0.4536761 2.5072247 3.3923184 0.0000000 2.2903145 0.8085941 0.7274218 0.0300438 3.3659016 0.0809221 0.0053447 2.2937203 2.3099833 0.1006525 0.5464013 0.0323249 0.7274218 2.5096615 0.6832278 2.2683668 0.5784053 2.4634624 3.2531818 3.0793064 0.6519276 0.5295443 0.1063125 0.6932532 0.7082182 0.6934094 0.4403476 2.5464752 0.7277499 0.5789971 2.3002924 2.4044975 0.0823181 0.2708668 0.7678784 3.4750271 
JDC13      0.8301910 1.0141055 0.0094742 2.7973999 0.8107012 0.8500259 0.0058865 2.6448224 0.0256010 0.8580966 1.0201492 2.9703900 2.7412008 2.2584454 0.8470613 0.0156966 2.0473223 2.7996352 0.8472849 2.3443447 3.5424046 4.1633862 2.0519957 0.0055835 3.6478148 0.8259442 0.8452326 2.0552356 2.7039930 2.8287720 3.9715282 0.0079247 2.1327227 3.4250433 2.4103422 0.8509185 2.6778965 0.8447729 0.2873246 2.2903145 0.0000000 3.4336792 2.8981154 2.1998513 0.8376983 2.0921035 2.2645602 0.0192670 0.0095464 2.0254117 3.1041922 2.2642373 2.8981154 0.8208713 3.4847571 0.0154451 3.3986615 0.8339097 0.3032123 1.3385966 2.6154143 3.0875627 2.1062631 3.6939617 2.7545796 2.7094382 2.6767005 0.2215980 2.9947876 3.0636640 0.0155929 0.8624595 2.1517686 3.1639959 2.9141723 0.8727816 
KHK91      3.7546760 3.8200973 3.3805792 0.7672709 3.8269703 3.8061727 3.4059088 0.8159609 2.8841356 4.3387523 3.4754697 0.5117455 0.4977509 0.8146375 4.3426424 3.5025654 0.7938162 0.4811146 3.9857593 0.8207435 0.2155720 1.0151694 0.8146570 3.4336792 0.5872012 3.8844700 4.2826162 0.7820513 0.7987867 0.4813518 1.0305707 3.3540820 0.7935824 0.8830744 0.8161951 3.6904077 0.8001560 3.8800856 3.6982157 0.8085941 3.4336792 0.0000000 0.5078736 0.8037999 4.3411489 0.7930774 0.8197124 3.3868975 3.3277127 0.7900021 0.9236850 0.8186004 0.5078736 3.8019499 0.5439570 3.3542579 0.9066464 3.7869996 4.1418472 4.3779288 0.4824700 0.8918581 0.7710202 0.5753940 0.4883933 0.4883933 0.7734849 3.4868263 0.5091102 0.5906430 3.2577024 3.7417100 0.8082011 0.8131941 0.5277289 4.2573260 
KHK68      2.9371053 3.6934960 2.8792974 0.6654581 3.1363854 3.1536919 2.8922700 0.5493359 2.6034673 3.4453200 4.4460255 0.0041234 0.3423402 0.7422658 3.4106472 2.9312518 0.6700909 0.3248921 3.6277866 0.7548401 0.5276568 0.8627925 0.7391993 2.9886839 0.4867583 2.9234433 3.4951382 0.6884777 0.5297315 0.3258403 0.8561809 3.0288725 0.6702850 0.6554241 0.7338439 3.0522331 0.5560554 3.1483024 3.6526468 0.7274218 2.8981154 0.5078736 0.0000000 0.7398914 3.3488814 0.6560613 0.7250844 2.8611624 3.0479223 0.6760408 0.6430212 0.7598401 0.0000010 2.9906477 0.5201890 2.9750358 0.7585982 2.9410648 3.5055733 4.5001642 0.3293374 0.6477366 0.6900653 0.4894935 0.3226023 0.3149382 0.5344256 3.1355618 0.0041188 0.5242639 2.9357154 2.9938779 0.6691784 0.7056688 0.0083047 3.6636656 
VB12       2.4373662 2.3906034 2.1850458 0.3967666 2.6142597 2.5453053 2.1336680 0.4726196 2.1175321 3.0871089 3.8461117 0.7605080 0.6744076 0.0284182 3.0967152 2.2229585 0.0869487 0.6902954 2.6532432 0.0200353 0.8560028 0.7834193 0.0930915 2.2520273 0.4346478 2.5003465 3.0588269 0.0947613 0.4409564 0.6928275 0.7598122 2.1875240 0.0723415 0.4768679 0.0296019 2.4706328 0.4491511 2.6261526 3.0097804 0.0300438 2.1998513 0.8037999 0.7398914 0.0000000 3.0496061 0.0825895 0.0278945 2.2222629 2.2679846 0.0919348 0.5415635 0.0035369 0.7398914 2.5177072 0.6955906 2.2251698 0.5741333 2.4135489 3.1600365 3.5690622 0.6339716 0.5384780 0.0947486 0.7104345 0.6959340 0.6892327 0.4338940 2.5484106 0.7628488 0.5874249 2.1585095 2.5213322 0.0764669 0.2837747 0.7816324 3.1906626 
JDC27      0.2741834 0.4377498 0.8500939 4.1941210 0.2850567 0.2951601 0.8437431 3.5563070 0.5697748 0.0090783 0.6885072 3.4957242 3.3434517 3.3919237 0.0106689 0.8728271 2.8148872 3.0582495 0.1129967 3.0758586 4.1367186 4.0004640 3.0475285 0.8749266 3.7192030 0.2834749 0.0071862 2.9926133 3.5364741 3.0935992 3.8110168 0.8778431 2.7815415 3.2831621 3.2660835 0.2812669 3.4899654 0.2906968 0.7982609 3.3659016 0.8376983 4.3411489 3.3488814 3.0496061 0.0000000 2.9229946 3.2580693 0.8557564 0.8638275 2.9353289 3.4566664 3.0018854 3.3488814 0.2882139 4.5683839 0.8516506 4.2024243 0.2666771 1.0583172 0.8236558 3.1765184 3.4687763 2.9215926 4.4614218 3.0121488 3.0525081 3.5524576 0.9530865 3.4738941 3.5572005 0.8308467 0.2838854 2.8807443 4.5341295 3.4815147 0.0087870 
KHK93      2.3534738 2.3200896 2.0775699 0.3824174 2.4522775 2.3975876 2.0398130 0.4651487 1.9259999 2.7950112 3.4574877 0.6527785 0.6066629 0.0890725 2.8844160 2.1140132 0.0627537 0.6329730 2.3727554 0.0853404 0.8410336 0.7704177 0.0676405 2.0991565 0.4245102 2.3757806 2.9304842 0.0606321 0.4444018 0.6287762 0.7787346 1.9925794 0.0146968 0.4873525 0.0945804 2.3234033 0.4565563 2.3614875 3.0276838 0.0809221 2.0921035 0.7930774 0.6560613 0.0825895 2.9229946 0.0000000 0.0900858 2.0866800 2.1054558 0.0626995 0.5676631 0.0835389 0.6560613 2.3636189 0.6292578 2.1263915 0.5756696 2.3321867 2.9791862 3.2602418 0.5678866 0.5498547 0.0629736 0.6805010 0.6289885 0.6109986 0.4430891 2.1498322 0.6567330 0.5892154 2.0695720 2.2674203 0.0127665 0.2944367 0.7001333 3.0146402 
VB17       2.4279556 2.4057529 2.2494117 0.3978359 2.5277174 2.5396931 2.2575092 0.4670162 2.2098920 3.2908597 4.0952702 0.7454337 0.6936964 0.0036002 3.3549865 2.3291775 0.0976441 0.7008738 2.8187407 0.0202110 0.8396639 0.7685107 0.1069948 2.3196396 0.4284341 2.4871950 3.3796683 0.1030225 0.4405303 0.7034706 0.7630375 2.3168434 0.0848636 0.4764096 0.0071319 2.4964098 0.4434409 2.6147144 3.3163128 0.0053447 2.2645602 0.8197124 0.7250844 0.0278945 3.2580693 0.0900858 0.0000000 2.3177984 2.3749730 0.1000861 0.5439016 0.0302780 0.7250844 2.5002358 0.6870007 2.3054659 0.5791804 2.4418749 3.2756792 3.0147284 0.6403699 0.5313129 0.1082988 0.7024759 0.7030483 0.7028386 0.4335531 2.6141181 0.7477092 0.5872614 2.3095819 2.5085767 0.0866118 0.2766808 0.7592607 3.4672421 
JDC1       0.8251127 1.0552935 0.0213338 2.7836834 0.8718975 0.8687040 0.0039084 2.7250294 0.0289349 0.8435283 0.9778324 2.9737087 2.7323986 2.2676608 0.8621907 0.0177278 2.0938237 2.7955267 0.8566868 2.3178255 3.4802545 3.9478636 2.0480829 0.0133519 3.6790657 0.8347484 0.8390485 2.0474614 2.5773010 2.8437452 3.9939435 0.0079251 2.0872663 3.2634007 2.3114516 0.8371012 2.6405791 0.8495538 0.2706574 2.2937203 0.0192670 3.3868975 2.8611624 2.2222629 0.8557564 2.0866800 2.3177984 0.0000000 0.0155668 2.0176650 3.0171358 2.1930151 2.8611624 0.8749380 3.4901700 0.0256068 3.4249935 0.8507832 0.2938306 1.3998998 2.6179943 3.0820819 2.0843386 3.7185329 2.6336787 2.7158472 2.6774570 0.2053080 2.9103967 3.0173820 0.0057345 0.8409123 2.0657891 3.1163936 2.8681586 0.8725422 
JDC11      0.8558059 1.0208673 0.0076571 2.8366214 0.8547176 0.8902062 0.0058935 2.7976271 0.0224318 0.8445547 1.0121393 3.0203451 2.7415767 2.2944092 0.8462236 0.0238893 2.1018802 2.8474424 0.8577898 2.4036501 3.5168897 4.0442322 2.0369584 0.0095482 3.7076428 0.8679111 0.8394337 2.0452684 2.7995012 2.8499767 4.1026403 0.0099889 2.0906460 3.5702307 2.3667910 0.8465349 2.7564388 0.8605662 0.2802417 2.3099833 0.0095464 3.3277127 3.0479223 2.2679846 0.8638275 2.1054558 2.3749730 0.0155668 0.0000000 2.0881148 3.2596000 2.2630953 3.0479223 0.8641838 3.4892245 0.0137033 3.5092289 0.8896021 0.2965313 1.3295600 2.6882125 3.0804074 2.0603057 3.6881080 2.8349888 2.8349888 2.7093323 0.2029384 2.9990447 3.2305511 0.0058129 0.8517600 2.1511564 3.1257673 2.9630399 0.8470048 
KHK45      2.1342045 2.1527857 1.9869192 0.3947392 2.2719715 2.2360967 2.0044739 0.4893060 1.9879112 2.9659538 3.4863333 0.6888132 0.6289109 0.0997429 2.9823722 2.0522027 0.0017859 0.6447385 2.4518692 0.0972776 0.8196586 0.7312804 0.0074905 2.0196787 0.4281281 2.1874811 2.9834053 0.0035926 0.4619521 0.6470476 0.7333939 1.9999166 0.0532655 0.4981486 0.1035006 2.2578328 0.4768064 2.2342312 2.7540464 0.1006525 2.0254117 0.7900021 0.6760408 0.0919348 2.9353289 0.0626995 0.1000861 2.0176650 2.0881148 0.0000000 0.5413103 0.0931978 0.6760408 2.2360967 0.7022701 2.1360277 0.5729130 2.1499134 2.9601506 4.0552487 0.6016444 0.5614934 0.0091175 0.7206269 0.6291228 0.6358206 0.4691852 2.2285273 0.6969566 0.5337636 2.0105259 2.1502386 0.0507579 0.3026686 0.6927724 3.0782427 
KHK39      2.9709564 3.8919571 3.0869613 0.7151304 3.3013387 3.1945692 3.1807483 0.5422026 2.8219072 3.5748690 4.2161243 0.6749324 0.7654601 0.5428287 3.5617835 3.1406206 0.5558320 0.7525098 3.2056881 0.5517002 0.9289312 0.9202988 0.5959344 3.0988278 0.5217889 3.0342791 3.5898554 0.5651692 0.5013403 0.7555393 0.9169872 3.1354787 0.5577220 0.4429139 0.5447208 3.3023825 0.5354823 3.1572641 3.5360354 0.5464013 3.1041922 0.9236850 0.6430212 0.5415635 3.4566664 0.5676631 0.5439016 3.0171358 3.2596000 0.5413103 0.0000000 0.5537327 0.6430212 3.1999156 0.7875090 3.2614759 0.2264545 3.0962009 3.4570843 4.1811671 0.6904329 0.0075165 0.5660712 0.7857347 0.7179495 0.7254280 0.5198782 2.9572537 0.6709627 0.8165939 3.1205922 3.0177508 0.5545835 0.6272337 0.6801069 3.6907207 
